P177A	0	4.260163934
	1	4.293076923
	2	4.327575758
	3	4.474848485
	4	4.185
	5	5.021
	6	5.63625
	7	5.254666667
	8	5.745333333
	9	5.668666667
	10	5.569666667
	11	5.603888889
	12	5.337222222
	13	5.330344828
	14	5.328275862
	15	5.550666667
	16	5.287586207
	17	4.948787879
	18	5.744545455
	19	5.762666667
	20	5.357575758
	21	5.871
	22	4.376206897
	23	4.296896552
P175	0	5.585245902
	1	4.953333333
	2	4.752121212
	3	4.927575758
	4	4.586666667
	5	6.806666667
	6	9.2090625
	7	9.109
	8	9.584666667
	9	9.668666667
	10	9.464666667
	11	9.205833333
	12	7.989166667
	13	8.637931034
	14	8.666896552
	15	8.915
	16	8.584827586
	17	8.168787879
	18	9.313939394
	19	9.282333333
	20	8.906363636
	21	9.291666667
	22	6.31862069
	23	5.713103448
P174	0	3.450655738
	1	3.718974359
	2	3.742727273
	3	3.806060606
	4	3.458
	5	3.760333333
	6	4.265
	7	4.006
	8	4.175333333
	9	4.139666667
	10	4.158
	11	4.227222222
	12	4.061388889
	13	3.929310345
	14	3.913793103
	15	4.141
	16	3.907241379
	17	3.706363636
	18	4.164242424
	19	4.104
	20	3.83
	21	4.176666667
	22	3.507931034
	23	3.531724138
P173	0	3.510163934
	1	3.734358974
	2	3.730606061
	3	3.765757576
	4	3.453666667
	5	3.758
	6	4.5975
	7	4.633666667
	8	4.896666667
	9	4.903666667
	10	4.871666667
	11	4.828055556
	12	4.534722222
	13	4.281724138
	14	4.21862069
	15	4.409333333
	16	4.167241379
	17	4.072424242
	18	4.639393939
	19	4.607
	20	4.288787879
	21	4.63
	22	3.743448276
	23	3.730344828
P171	0	5.519344262
	1	5.928717949
	2	5.833939394
	3	5.593333333
	4	5.233
	5	4.695333333
	6	6.7184375
	7	9.063333333
	8	10.17266667
	9	10.14
	10	9.752333333
	11	8.989166667
	12	7.698888889
	13	6.426551724
	14	6.113103448
	15	6.1
	16	5.793793103
	17	6.223939394
	18	7.820606061
	19	7.954
	20	7.329090909
	21	8.163
	22	6.906896552
	23	6.752413793
P170	0	6.305737705
	1	6.478461538
	2	6.411818182
	3	6.539090909
	4	6.079333333
	5	7.271333333
	6	9.3915625
	7	10.286
	8	10.86833333
	9	10.914
	10	10.69466667
	11	9.702777778
	12	8.291944444
	13	8.164827586
	14	8.210344828
	15	8.607
	16	8.266551724
	17	8.810909091
	18	11.0230303
	19	10.876
	20	10.17515152
	21	10.585
	22	8.403793103
	23	6.629310345
P149	0	7.930655738
	1	8.81
	2	8.566969697
	3	8.594242424
	4	7.972333333
	5	8.342666667
	6	8.986875
	7	8.512
	8	8.761333333
	9	8.701
	10	8.612
	11	8.681388889
	12	8.376111111
	13	8.30137931
	14	8.287241379
	15	8.634666667
	16	8.314482759
	17	7.845454545
	18	8.974545455
	19	8.672333333
	20	8.144545455
	21	8.94
	22	8.515517241
	23	8.471724138
P125	0	4.03557377
	1	4.145128205
	2	4.295151515
	3	4.521515152
	4	4.206666667
	5	4.655666667
	6	5.7521875
	7	6.442
	8	6.797
	9	6.771666667
	10	6.718
	11	6.467777778
	12	5.709166667
	13	5.527241379
	14	5.552413793
	15	5.785333333
	16	5.609655172
	17	5.531818182
	18	6.376060606
	19	6.172333333
	20	5.7
	21	6.216
	22	5.470689655
	23	5.085862069
P113	0	3.679672131
	1	4.003846154
	2	3.864242424
	3	3.951818182
	4	3.708
	5	3.811
	6	6.1653125
	7	4.976
	8	4.885666667
	9	4.804666667
	10	4.837333333
	11	4.921944444
	12	4.275277778
	13	4.028965517
	14	4.145172414
	15	4.529
	16	4.293793103
	17	4.329393939
	18	5.017272727
	19	5.021666667
	20	4.604545455
	21	5.096
	22	4.697586207
	23	4.106551724
U252	0	4.087213115
	1	4.405641026
	2	4.541818182
	3	4.774242424
	4	4.445
	5	5.193333333
	6	7.2328125
	7	6.783
	8	6.958666667
	9	6.751
	10	6.438666667
	11	6.382777778
	12	5.93
	13	5.615862069
	14	5.61
	15	5.924
	16	5.712413793
	17	5.741212121
	18	6.794242424
	19	6.704666667
	20	6.196666667
	21	6.416
	22	5.202758621
	23	4.642068966
U251	0	3.346065574
	1	3.571538462
	2	3.563939394
	3	3.651515152
	4	3.36
	5	3.828333333
	6	5.096875
	7	5.436666667
	8	5.586
	9	5.472
	10	5.463666667
	11	5.0775
	12	4.499722222
	13	4.368965517
	14	4.393448276
	15	4.567333333
	16	4.481724138
	17	4.46
	18	5.646666667
	19	5.526333333
	20	5.174242424
	21	5.797666667
	22	5.128275862
	23	4.294137931
U250	0	4.432295082
	1	4.322564103
	2	4.482121212
	3	4.792727273
	4	4.525666667
	5	5.270333333
	6	8.0675
	7	7.881333333
	8	8.526
	9	8.482333333
	10	8.398666667
	11	8.378888889
	12	7.557777778
	13	6.70137931
	14	6.730689655
	15	7.138
	16	6.855517241
	17	6.781212121
	18	8.002727273
	19	7.960666667
	20	7.377272727
	21	7.722
	22	6.232413793
	23	5.401724138
U249	0	6.389508197
	1	6.96
	2	6.749090909
	3	6.749090909
	4	6.264
	5	6.496
	6	6.7425
	7	6.496
	8	6.728
	9	6.728
	10	6.728
	11	6.766666667
	12	6.573333333
	13	6.48
	14	6.48
	15	6.728
	16	6.48
	17	6.116363636
	18	6.96
	19	6.728
	20	6.327272727
	21	6.96
	22	6.72
	23	6.72
U248	0	4.442459016
	1	5.407692308
	2	5.826969697
	3	6.222727273
	4	5.822333333
	5	5.717333333
	6	9.3234375
	7	8.551
	8	8.635
	9	8.573333333
	10	8.445
	11	8.3175
	12	6.938333333
	13	6.423793103
	14	6.564137931
	15	7.002333333
	16	6.687586207
	17	6.566363636
	18	7.612727273
	19	7.483333333
	20	6.896060606
	21	7.471666667
	22	7.027931034
	23	5.667931034
U247	0	8.623278689
	1	7.042051282
	2	6.977272727
	3	7.278484848
	4	6.72
	5	7.599
	6	10.810625
	7	12.696
	8	14.002
	9	14.87633333
	10	14.126
	11	13.50972222
	12	12.44388889
	13	11.19172414
	14	10.57448276
	15	11.01933333
	16	10.58103448
	17	10.06909091
	18	13.17151515
	19	12.968
	20	12.18666667
	21	13.275
	22	10.60827586
	23	9.234827586
U246	0	5.111967213
	1	4.935384615
	2	5.03969697
	3	5.301818182
	4	5.023
	5	5.761666667
	6	6.575625
	7	6.178
	8	6.145333333
	9	6.122
	10	5.847
	11	5.532777778
	12	5.121944444
	13	5.363103448
	14	5.474137931
	15	5.835
	16	5.58
	17	5.53969697
	18	6.656363636
	19	6.619666667
	20	6.181818182
	21	6.623
	22	5.870689655
	23	5.705517241
U242	0	3.34147541
	1	2.816923077
	2	2.99030303
	3	3.262727273
	4	3.122333333
	5	3.903666667
	6	4.741875
	7	4.689333333
	8	4.626333333
	9	4.602666667
	10	4.263
	11	3.799444444
	12	3.429722222
	13	3.674137931
	14	3.754482759
	15	4.030666667
	16	3.838275862
	17	3.980909091
	18	5.074242424
	19	5.077666667
	20	4.747575758
	21	5.013333333
	22	4.214137931
	23	3.957931034
U240	0	6.511147541
	1	6.303333333
	2	6.228787879
	3	6.37030303
	4	5.979
	5	6.887
	6	7.5528125
	7	7.625666667
	8	7.952666667
	9	7.98
	10	7.643
	11	7.209166667
	12	6.760277778
	13	6.685862069
	14	6.71137931
	15	7.007333333
	16	6.7
	17	6.626969697
	18	8.210606061
	19	8.077
	20	7.694545455
	21	8.524
	22	7.341034483
	23	7.019655172
U238	0	3.179508197
	1	2.651538462
	2	2.621818182
	3	3.075454545
	4	2.781333333
	5	3.137666667
	6	4.48875
	7	4.225666667
	8	4.214333333
	9	4.197333333
	10	3.941333333
	11	3.982777778
	12	3.774166667
	13	3.660689655
	14	3.748965517
	15	4.016
	16	3.832068966
	17	3.693939394
	18	4.43
	19	4.575
	20	4.278787879
	21	4.095666667
	22	3.451724138
	23	3.03137931
U236	0	3.699508197
	1	4.014615385
	2	4.010606061
	3	4.126666667
	4	3.817666667
	5	4.245
	6	5.384375
	7	5.778666667
	8	6.143333333
	9	5.925
	10	5.845333333
	11	5.285833333
	12	4.736944444
	13	4.562758621
	14	4.536206897
	15	4.741666667
	16	4.636551724
	17	4.677575758
	18	6.000909091
	19	5.948
	20	5.581212121
	21	6.244666667
	22	5.326206897
	23	4.558275862
U234	0	6.016721311
	1	6.418205128
	2	6.425151515
	3	6.552121212
	4	6.091333333
	5	6.872666667
	6	8.6303125
	7	8.489666667
	8	8.805666667
	9	8.793333333
	10	8.674666667
	11	8.269722222
	12	7.368888889
	13	7.366551724
	14	7.492068966
	15	7.937
	16	7.574827586
	17	7.686060606
	18	9.244848485
	19	9.300666667
	20	8.613333333
	21	8.723333333
	22	7.316551724
	23	6.121034483
U233	0	8.735409836
	1	9.974871795
	2	10.09393939
	3	10.45969697
	4	9.749666667
	5	9.860666667
	6	16.3015625
	7	17.71966667
	8	18.72266667
	9	18.73066667
	10	18.11166667
	11	17.22972222
	12	14.38277778
	13	12.97172414
	14	12.97724138
	15	13.49333333
	16	12.97586207
	17	12.41909091
	18	14.73515152
	19	14.25733333
	20	13.37454545
	21	14.125
	22	12.58241379
	23	9.694482759
U232	0	10.13459016
	1	11.06512821
	2	10.99181818
	3	11.13424242
	4	10.338
	5	10.38466667
	6	16.225625
	7	18.26966667
	8	19.572
	9	19.66966667
	10	19.27866667
	11	18.41555556
	12	15.78472222
	13	14.58793103
	14	14.50206897
	15	15.078
	16	14.41448276
	17	13.55727273
	18	15.88939394
	19	15.26466667
	20	14.36545455
	21	15.162
	22	13.74896552
	23	11.28655172
U227	0	4.140327869
	1	4.145128205
	2	4.135454545
	3	4.23969697
	4	3.972
	5	4.700666667
	6	5.2775
	7	5.081
	8	5.455666667
	9	5.407666667
	10	5.325333333
	11	5.3575
	12	5.121666667
	13	5.088965517
	14	5.071034483
	15	5.261333333
	16	5.009310345
	17	4.72030303
	18	5.513636364
	19	5.467666667
	20	5.094242424
	21	5.598333333
	22	4.33862069
	23	4.199310345
U226	0	6.304918033
	1	5.632820513
	2	5.526666667
	3	5.657878788
	4	5.284333333
	5	8.381333333
	6	11.8990625
	7	12.29266667
	8	12.813
	9	12.83666667
	10	12.38533333
	11	12.22333333
	12	11.69638889
	13	11.4362069
	14	11.23586207
	15	11.82466667
	16	11.29758621
	17	10.81575758
	18	12.62545455
	19	12.26366667
	20	11.49939394
	21	12.00366667
	22	8.007241379
	23	6.936551724
U223	0	7.256393443
	1	6.492307692
	2	6.466060606
	3	6.701515152
	4	6.418
	5	7.869
	6	9.2375
	7	10.08466667
	8	10.535
	9	10.537
	10	9.787666667
	11	8.847222222
	12	8.143888889
	13	8.090344828
	14	8.069655172
	15	8.405
	16	8.093103448
	17	8.405454545
	18	10.91787879
	19	10.61166667
	20	9.961515152
	21	10.87066667
	22	9.16862069
	23	8.67
U222	0	4.983934426
	1	4.704871795
	2	4.796363636
	3	5.058484848
	4	4.808333333
	5	5.651
	6	6.3984375
	7	6.139
	8	6.128
	9	6.098333333
	10	5.798666667
	11	5.420555556
	12	5.050833333
	13	5.248965517
	14	5.328965517
	15	5.668333333
	16	5.431034483
	17	5.440606061
	18	6.668484848
	19	6.562666667
	20	6.143939394
	21	6.647
	22	5.800344828
	23	5.620344828
U217	0	2.976229508
	1	3.721282051
	2	3.897878788
	3	4.168484848
	4	3.846333333
	5	3.764
	6	5.0903125
	7	4.159
	8	3.911
	9	3.819666667
	10	3.795333333
	11	3.872222222
	12	3.540555556
	13	3.444137931
	14	3.502413793
	15	3.768666667
	16	3.634482759
	17	3.359393939
	18	3.826363636
	19	3.741666667
	20	3.438181818
	21	3.771
	22	3.591724138
	23	3.11
U216	0	3.309016393
	1	3.645384615
	2	3.741818182
	3	3.91
	4	3.661333333
	5	4.432
	6	6.0271875
	7	5.582
	8	5.672
	9	5.49
	10	5.117
	11	5.133888889
	12	4.791388889
	13	4.586896552
	14	4.619655172
	15	4.851333333
	16	4.643103448
	17	4.574545455
	18	5.476666667
	19	5.416333333
	20	5.016666667
	21	5.240666667
	22	4.167241379
	23	3.72137931
U215	0	4.763606557
	1	5.398205128
	2	5.593333333
	3	5.877878788
	4	5.479666667
	5	5.803333333
	6	8.770625
	7	8.575666667
	8	8.827333333
	9	8.728
	10	8.429666667
	11	8.278055556
	12	7.268055556
	13	6.729655172
	14	6.747241379
	15	7.119666667
	16	6.823793103
	17	6.740606061
	18	8.011515152
	19	7.866
	20	7.319393939
	21	7.858333333
	22	6.793793103
	23	5.61862069
U212	0	5.476229508
	1	6.347948718
	2	6.614242424
	3	6.956666667
	4	6.497
	5	6.545666667
	6	11.5890625
	7	11.75733333
	8	12.399
	9	12.42433333
	10	12.09966667
	11	11.58027778
	12	9.498333333
	13	8.607931034
	14	8.663793103
	15	9.065
	16	8.697931034
	17	8.631212121
	18	10.19969697
	19	10.007
	20	9.320909091
	21	9.973666667
	22	8.913448276
	23	6.801034483
U209	0	4.817213115
	1	5.652307692
	2	5.863333333
	3	6.195454545
	4	5.763666667
	5	5.870666667
	6	9.395
	7	9.319666667
	8	9.576
	9	9.505
	10	9.298666667
	11	9.077777778
	12	7.739444444
	13	7.09862069
	14	7.124482759
	15	7.507333333
	16	7.212068966
	17	7.054242424
	18	8.344848485
	19	8.154
	20	7.609090909
	21	8.182
	22	7.331034483
	23	5.8
U208	0	2.505245902
	1	2.381538462
	2	2.460909091
	3	2.657878788
	4	2.445666667
	5	2.932333333
	6	3.793125
	7	4.742333333
	8	5.27
	9	5.334666667
	10	5.220666667
	11	4.945555556
	12	4.558888889
	13	4.134827586
	14	4.056896552
	15	4.205666667
	16	4.1
	17	4.456666667
	18	5.338484848
	19	5.255333333
	20	4.671212121
	21	4.684
	22	3.345517241
	23	2.751034483
U207	0	7.007704918
	1	5.544358974
	2	5.524545455
	3	5.878181818
	4	5.408
	5	6.064333333
	6	8.6471875
	7	9.968333333
	8	10.82166667
	9	11.58366667
	10	10.90866667
	11	10.63555556
	12	9.878055556
	13	8.781724138
	14	8.31
	15	8.653666667
	16	8.342758621
	17	7.896969697
	18	10.49030303
	19	10.37166667
	20	9.667575758
	21	10.55433333
	22	8.35
	23	7.276551724
U206	0	4.991311475
	1	5.261794872
	2	5.229090909
	3	5.255151515
	4	4.875
	5	5.298
	6	6.548125
	7	6.845
	8	7.186333333
	9	7.203
	10	7.078666667
	11	6.9725
	12	6.505
	13	6.107586207
	14	6.035862069
	15	6.273333333
	16	5.972758621
	17	5.875151515
	18	6.777575758
	19	6.696333333
	20	6.185757576
	21	6.676
	22	5.476206897
	23	5.388965517
U205	0	6.113442623
	1	6.597435897
	2	6.510606061
	3	6.437272727
	4	5.965666667
	5	5.991666667
	6	7.9440625
	7	9.554333333
	8	10.18033333
	9	10.32966667
	10	9.903333333
	11	9.430277778
	12	8.459444444
	13	7.558275862
	14	7.316896552
	15	7.415666667
	16	7.13137931
	17	7.363939394
	18	8.78969697
	19	8.777333333
	20	8.03
	21	8.760666667
	22	7.367586207
	23	7.187241379
U204	0	4.211967213
	1	4.440769231
	2	4.316666667
	3	4.036363636
	4	3.794666667
	5	3.288333333
	6	6.3075
	7	10.10433333
	8	11.55066667
	9	11.406
	10	10.66833333
	11	9.352777778
	12	7.678055556
	13	6.082758621
	14	5.629655172
	15	5.462
	16	5.281724138
	17	6.200909091
	18	8.039393939
	19	8.150333333
	20	7.435757576
	21	8.068333333
	22	6.193103448
	23	5.814482759
U202	0	3.120983607
	1	3.385897436
	2	3.38969697
	3	3.482424242
	4	3.174666667
	5	3.191
	6	4.12875
	7	4.54
	8	6.1
	9	5.907333333
	10	5.91
	11	4.622777778
	12	4.142777778
	13	3.85862069
	14	3.863103448
	15	4.100333333
	16	3.938965517
	17	4.104545455
	18	6.048787879
	19	5.980666667
	20	5.621212121
	21	6.429666667
	22	4.686206897
	23	4.008275862
U144	0	4.901147541
	1	5.446153846
	2	5.584242424
	3	5.922727273
	4	5.529666667
	5	5.965333333
	6	10.225625
	7	9.905
	8	10.296
	9	10.208
	10	10.154
	11	9.901944444
	12	8.508333333
	13	7.796206897
	14	7.875862069
	15	8.307
	16	7.974482759
	17	8.462424242
	18	10.03666667
	19	10.053
	20	9.362727273
	21	10.302
	22	9.256206897
	23	7.560689655
U139	0	2.941147541
	1	3.665128205
	2	4.087575758
	3	4.454242424
	4	4.138666667
	5	4.15
	6	7.4134375
	7	6.247
	8	6.154333333
	9	6.076666667
	10	6.154333333
	11	6.171111111
	12	5.121111111
	13	4.829655172
	14	5.032068966
	15	5.434
	16	5.155862069
	17	5.463030303
	18	6.333636364
	19	6.313666667
	20	5.75969697
	21	6.441333333
	22	6.25137931
	23	5.126896552
U137	0	3.643770492
	1	4.110769231
	2	4.156969697
	3	4.368181818
	4	4.064333333
	5	4.783666667
	6	6.365625
	7	7.409666667
	8	7.897666667
	9	7.854666667
	10	7.812333333
	11	7.011666667
	12	5.981944444
	13	5.847586207
	14	5.843103448
	15	5.946333333
	16	5.83137931
	17	6.121818182
	18	7.672727273
	19	7.500666667
	20	6.971212121
	21	7.684666667
	22	6.270689655
	23	5.172413793
U128	0	5.377868852
	1	4.989230769
	2	4.79969697
	3	4.998484848
	4	4.633666667
	5	5.336666667
	6	6.775625
	7	7.401666667
	8	7.332
	9	7.014333333
	10	6.920666667
	11	6.826944444
	12	6.055555556
	13	5.749655172
	14	5.932758621
	15	6.249
	16	6.223793103
	17	5.893636364
	18	7.302424242
	19	7.121
	20	6.863939394
	21	7.566333333
	22	7.355172414
	23	6.553448276
U120	0	2.484590164
	1	2.287692308
	2	2.329393939
	3	2.252424242
	4	2.202333333
	5	2.297
	6	2.685
	7	3.077333333
	8	3.724666667
	9	4.011
	10	4.005333333
	11	4.044444444
	12	3.971388889
	13	3.643793103
	14	3.596896552
	15	3.624666667
	16	3.505517241
	17	3.41030303
	18	3.831818182
	19	3.906666667
	20	3.522121212
	21	3.824333333
	22	2.965862069
	23	2.561034483
U119	0	2.27442623
	1	1.998974359
	2	2.084242424
	3	2.292121212
	4	2.168666667
	5	2.355333333
	6	3.7153125
	7	4.566
	8	5.333333333
	9	5.552333333
	10	5.323666667
	11	5.072777778
	12	4.726111111
	13	4.223448276
	14	4.063793103
	15	4.209333333
	16	4.059310345
	17	4.367272727
	18	5.300606061
	19	5.199333333
	20	4.607272727
	21	4.748
	22	3.068275862
	23	2.354827586
U112	0	3.330819672
	1	3.506410256
	2	3.422424242
	3	3.475454545
	4	3.129333333
	5	2.986666667
	6	4.4546875
	7	5.868333333
	8	5.866666667
	9	5.770666667
	10	5.876666667
	11	5.013055556
	12	4.041666667
	13	3.897586207
	14	3.902413793
	15	4.154333333
	16	3.986896552
	17	4.667878788
	18	5.8
	19	5.826
	20	5.436060606
	21	6.303
	22	5.334137931
	23	4.807586207
U110	0	2.714098361
	1	2.156153846
	2	1.991515152
	3	2.476363636
	4	2.258666667
	5	2.609666667
	6	4.26375
	7	4.262333333
	8	4.755333333
	9	4.913333333
	10	4.702666667
	11	4.918888889
	12	4.498055556
	13	3.997931034
	14	3.525862069
	15	4.064333333
	16	3.802758621
	17	2.922121212
	18	4.609393939
	19	4.501666667
	20	4.297272727
	21	4.316666667
	22	3.274827586
	23	2.746551724
U105	0	3.497213115
	1	3.971538462
	2	4.23030303
	3	4.556969697
	4	4.307666667
	5	4.580333333
	6	7.2721875
	7	7.339333333
	8	7.521
	9	7.488333333
	10	7.373333333
	11	7.277777778
	12	6.131111111
	13	5.568965517
	14	5.606206897
	15	5.902666667
	16	5.713448276
	17	5.906363636
	18	6.945454545
	19	6.929333333
	20	6.501212121
	21	6.950333333
	22	6.266206897
	23	4.953448276
UZ1110	0	3.705245902
	1	2.849487179
	2	2.773030303
	3	2.780909091
	4	2.845666667
	5	3.488333333
	6	4.6446875
	7	5.325333333
	8	6.193
	9	6.417
	10	6.797
	11	5.621111111
	12	5.074444444
	13	5.104827586
	14	4.77137931
	15	4.729
	16	5.156206897
	17	4.394848485
	18	4.58
	19	6.445666667
	20	5.156969697
	21	5.390666667
	22	4.735862069
	23	4.724482759
UZ5601	0	6.008032787
	1	4.938974359
	2	4.938484848
	3	5.018484848
	4	5.444
	5	13.26566667
	6	17.4365625
	7	19.72066667
	8	21.015
	9	21.76233333
	10	23.50366667
	11	20.33555556
	12	19.16083333
	13	18.9037931
	14	17.49310345
	15	17.52366667
	16	19.16034483
	17	17.71969697
	18	16.60606061
	19	22.57966667
	20	18.29636364
	21	19.54633333
	22	16.07793103
	23	11.27689655
U260	0	2.382295082
	1	2.120512821
	2	2.243030303
	3	2.439090909
	4	2.543666667
	5	2.422666667
	6	3.54625
	7	3.827666667
	8	4.285333333
	9	4.459333333
	10	4.864
	11	4.161944444
	12	4.008055556
	13	4.000689655
	14	3.738275862
	15	3.759666667
	16	4.001724138
	17	3.47030303
	18	3.382121212
	19	4.685
	20	3.691212121
	21	3.929333333
	22	2.786206897
	23	2.503793103
UZ1101	0	9.013442623
	1	6.857179487
	2	6.468181818
	3	6.354848485
	4	6.592666667
	5	8.020666667
	6	11.473125
	7	16.11466667
	8	19.15533333
	9	19.71566667
	10	20.24966667
	11	16.08472222
	12	14.14638889
	13	13.8862069
	14	12.60413793
	15	12.223
	16	13.51551724
	17	11.91484848
	18	12.73121212
	19	17.91033333
	20	14.37242424
	21	14.74933333
	22	12.29586207
	23	11.88068966
UZ1102	0	5.180819672
	1	2.733846154
	2	2.730606061
	3	2.769090909
	4	2.826
	5	3.534666667
	6	5.129375
	7	5.645333333
	8	5.831
	9	6.166666667
	10	6.89
	11	5.293333333
	12	5.331388889
	13	5.671724138
	14	5.483448276
	15	5.556666667
	16	5.915862069
	17	4.661212121
	18	4.812424242
	19	6.777666667
	20	5.465757576
	21	6.071
	22	6.04
	23	6.155862069
UZ0219	0	8.633114754
	1	8.959487179
	2	8.49030303
	3	8.195454545
	4	8.471333333
	5	10.024
	6	13.646875
	7	14.843
	8	15.855
	9	16.72466667
	10	18.03433333
	11	15.21638889
	12	14.41333333
	13	14.89103448
	14	13.44931034
	15	13.09266667
	16	14.38448276
	17	12.57757576
	18	11.63575758
	19	15.80133333
	20	12.8330303
	21	13.633
	22	11.49758621
	23	10.23068966
UZ5501	0	5.19442623
	1	5.03025641
	2	5.038181818
	3	5.109090909
	4	5.235
	5	5.383666667
	6	5.8896875
	7	5.290333333
	8	5.533666667
	9	5.890333333
	10	6.475
	11	5.415555556
	12	5.329444444
	13	5.62137931
	14	5.528275862
	15	5.659
	16	5.944137931
	17	4.982424242
	18	4.701212121
	19	6.646666667
	20	5.501515152
	21	6.018333333
	22	5.253103448
	23	5.273448276
UZ5415	0	6.922131148
	1	6.135128205
	2	6.113939394
	3	6.161818182
	4	6.516666667
	5	12.886
	6	16.68625
	7	18.21666667
	8	19.33966667
	9	20.09066667
	10	21.607
	11	18.86972222
	12	17.94722222
	13	17.80448276
	14	16.55137931
	15	16.54366667
	16	18.04034483
	17	16.43181818
	18	15.36878788
	19	20.89266667
	20	16.9630303
	21	18.13133333
	22	15.19758621
	23	11.33103448
UZ1309	0	3.134262295
	1	2.715128205
	2	2.89969697
	3	3.162121212
	4	3.324
	5	3.782
	6	4.30625
	7	3.602666667
	8	3.532
	9	3.586666667
	10	3.808
	11	3.274722222
	12	3.23
	13	3.653793103
	14	3.63137931
	15	3.735333333
	16	3.989655172
	17	3.313636364
	18	3.115757576
	19	4.300666667
	20	3.451212121
	21	3.729666667
	22	3.168965517
	23	3.43862069
UZ1608	0	3.172622951
	1	3.64974359
	2	4.09969697
	3	4.442727273
	4	4.623333333
	5	4.037333333
	6	5.99
	7	3.997333333
	8	3.791
	9	3.812333333
	10	4.316
	11	4.138888889
	12	4.051944444
	13	4.195517241
	14	4.28137931
	15	4.597333333
	16	4.784482759
	17	3.833939394
	18	3.443030303
	19	4.742
	20	3.739090909
	21	4.187333333
	22	4.146551724
	23	4.337586207
UZ0303	0	3.533934426
	1	3.296153846
	2	3.178484848
	3	3.326666667
	4	3.545333333
	5	3.365666667
	6	4.3959375
	7	4.478333333
	8	4.999666667
	9	5.293666667
	10	5.800333333
	11	5.239722222
	12	5.228333333
	13	5.248275862
	14	4.896896552
	15	4.861
	16	5.16862069
	17	4.158484848
	18	3.909090909
	19	5.433
	20	4.454545455
	21	4.791666667
	22	4.24
	23	4.187586207
UZ0301	0	4.59147541
	1	4.775897436
	2	4.939393939
	3	5.259393939
	4	5.436
	5	5.311333333
	6	9.0375
	7	8.094333333
	8	8.562333333
	9	8.847333333
	10	9.721333333
	11	8.688611111
	12	7.999722222
	13	7.778965517
	14	7.533448276
	15	7.681333333
	16	8.187241379
	17	7.148181818
	18	6.68030303
	19	9.156
	20	7.367272727
	21	8.052
	22	7.146896552
	23	6.559655172
UZ5413	0	1.465081967
	1	1.272564103
	2	1.389090909
	3	1.329090909
	4	1.504
	5	3.516666667
	6	4.8834375
	7	4.262333333
	8	4.177666667
	9	4.300333333
	10	4.837666667
	11	4.697222222
	12	4.150833333
	13	4.289310345
	14	4.233448276
	15	4.351666667
	16	4.62862069
	17	4.028484848
	18	3.428484848
	19	4.726
	20	3.838787879
	21	4.307666667
	22	4.02862069
	23	2.898275862
UZ5412	0	2.050655738
	1	1.686153846
	2	1.763636364
	3	1.835454545
	4	1.894666667
	5	4.346666667
	6	5.9371875
	7	5.254666667
	8	5.220333333
	9	5.378
	10	6.031666667
	11	5.741111111
	12	5.158333333
	13	5.295517241
	14	5.192413793
	15	5.363333333
	16	5.692068966
	17	5.006363636
	18	4.316666667
	19	5.927333333
	20	4.820606061
	21	5.374333333
	22	4.932758621
	23	3.605172414
UZ5411	0	1.940163934
	1	1.675897436
	2	1.737878788
	3	1.738484848
	4	1.866333333
	5	4.265666667
	6	5.8540625
	7	5.224666667
	8	5.343666667
	9	5.437333333
	10	6.183666667
	11	5.613055556
	12	5.261388889
	13	5.372068966
	14	5.180689655
	15	5.367
	16	5.740344828
	17	5.005757576
	18	4.390909091
	19	6.004666667
	20	4.858484848
	21	5.406666667
	22	4.936551724
	23	3.57
UZ5410	0	1.317377049
	1	0.048205128
	2	0.182424242
	3	0.199090909
	4	0.173333333
	5	3.013
	6	4.5428125
	7	3.928666667
	8	3.706
	9	3.814
	10	4.349666667
	11	4.251944444
	12	3.576388889
	13	3.679310345
	14	3.721724138
	15	3.863666667
	16	4.088965517
	17	3.53969697
	18	2.992727273
	19	4.122333333
	20	3.364848485
	21	3.791333333
	22	3.602758621
	23	2.578965517
UZ5408	0	0.870491803
	1	0.538205128
	2	0.616363636
	3	0.696666667
	4	0.715666667
	5	2.809666667
	6	4.245
	7	3.581333333
	8	3.416333333
	9	3.509
	10	3.998666667
	11	3.911666667
	12	3.336388889
	13	3.446551724
	14	3.474482759
	15	3.616666667
	16	3.814137931
	17	3.368787879
	18	2.813636364
	19	3.890333333
	20	3.175757576
	21	3.577333333
	22	3.353448276
	23	2.170344828
UZ5407	0	1.868196721
	1	1.609487179
	2	1.692424242
	3	1.787272727
	4	1.808333333
	5	4.281
	6	6.105625
	7	5.549666667
	8	5.452
	9	5.599666667
	10	6.291
	11	5.976666667
	12	5.241388889
	13	5.264482759
	14	5.247931034
	15	5.418
	16	5.741034483
	17	5.073636364
	18	4.405151515
	19	6.032666667
	20	4.922121212
	21	5.452333333
	22	4.996551724
	23	3.474137931
UZ5310	0	3.09
	1	1.02025641
	2	1.31969697
	3	1.702121212
	4	1.672333333
	5	2.395666667
	6	2.78375
	7	2.701
	8	2.969333333
	9	3.131333333
	10	3.118333333
	11	2.355277778
	12	2.573333333
	13	2.387241379
	14	2.470689655
	15	2.495
	16	2.612758621
	17	2.401818182
	18	2.494545455
	19	3.592666667
	20	2.775757576
	21	3.234
	22	2.382413793
	23	2.574482759
UZ5309	0	4.689016393
	1	4.148974359
	2	4.178787879
	3	4.185757576
	4	4.346666667
	5	4.527333333
	6	4.7609375
	7	4.420666667
	8	4.728333333
	9	5.232333333
	10	5.329
	11	4.405555556
	12	4.600277778
	13	4.684482759
	14	4.666896552
	15	4.878
	16	5.197931034
	17	4.343333333
	18	4.073636364
	19	5.698666667
	20	4.813333333
	21	5.179
	22	4.504482759
	23	4.703103448
UZ5308	0	3.973114754
	1	3.870769231
	2	3.728484848
	3	3.722121212
	4	3.825
	5	3.585333333
	6	3.8265625
	7	3.506666667
	8	3.738
	9	3.976333333
	10	4.467666667
	11	4.066388889
	12	4.116111111
	13	4.25862069
	14	4.079310345
	15	4.069666667
	16	4.349310345
	17	3.452727273
	18	3.12969697
	19	4.309666667
	20	3.54
	21	3.891
	22	3.841724138
	23	4.217241379
UZ5307	0	4.767540984
	1	4.616153846
	2	4.646969697
	3	4.750606061
	4	4.847333333
	5	5.017333333
	6	5.530625
	7	4.974666667
	8	5.172333333
	9	5.497
	10	6.093
	11	5.066666667
	12	4.900833333
	13	5.222758621
	14	5.175862069
	15	5.294333333
	16	5.568965517
	17	4.682424242
	18	4.398484848
	19	6.270666667
	20	5.202727273
	21	5.656666667
	22	4.888275862
	23	4.863793103
UZ5306	0	5.403770492
	1	5.581538462
	2	5.528181818
	3	5.58
	4	5.699666667
	5	6.316666667
	6	8.609375
	7	9.002
	8	9.657
	9	10.03033333
	10	10.99766667
	11	9.075833333
	12	7.924722222
	13	8.254137931
	14	7.966896552
	15	8.083666667
	16	8.609655172
	17	7.865454545
	18	7.721212121
	19	10.49533333
	20	8.515151515
	21	8.701
	22	6.744137931
	23	5.569310345
UZ5304	0	6.180163934
	1	6.4
	2	6.291515152
	3	6.317575758
	4	6.465
	5	7.144333333
	6	9.9328125
	7	10.71033333
	8	11.62866667
	9	12.14133333
	10	13.363
	11	10.86111111
	12	9.411388889
	13	9.77
	14	9.361724138
	15	9.46
	16	10.05172414
	17	9.321212121
	18	9.134545455
	19	12.38266667
	20	10.04939394
	21	10.291
	22	7.892758621
	23	6.433103448
UZ5303	0	6.313278689
	1	6.389487179
	2	6.318484848
	3	6.36969697
	4	6.542666667
	5	7.194666667
	6	9.97625
	7	10.62933333
	8	11.52633333
	9	12.05733333
	10	13.21633333
	11	10.82083333
	12	9.469166667
	13	9.785862069
	14	9.383103448
	15	9.488333333
	16	10.11931034
	17	9.316666667
	18	9.126666667
	19	12.34166667
	20	10.01454545
	21	10.28933333
	22	7.965172414
	23	6.670689655
UZ5301	0	5.357540984
	1	5.542307692
	2	5.510606061
	3	5.571212121
	4	5.687
	5	6.340333333
	6	9.0271875
	7	9.606
	8	10.41
	9	10.912
	10	12.02533333
	11	9.814166667
	12	8.4725
	13	8.75862069
	14	8.466896552
	15	8.578
	16	9.146551724
	17	8.461818182
	18	8.29030303
	19	11.25633333
	20	9.133030303
	21	9.281666667
	22	6.999310345
	23	5.613103448
UZ1712	0	3.873770492
	1	3.785384615
	2	3.778484848
	3	3.933939394
	4	3.986666667
	5	4.423
	6	5.056875
	7	4.335
	8	4.614
	9	4.814
	10	5.428
	11	5.119722222
	12	5.2475
	13	5.643103448
	14	5.364482759
	15	5.347666667
	16	5.719655172
	17	4.45030303
	18	3.825454545
	19	5.141333333
	20	4.23969697
	21	4.51
	22	3.608965517
	23	3.985172414
UZ1711	0	3.489672131
	1	3.355897436
	2	3.375757576
	3	3.544848485
	4	3.584333333
	5	4.008666667
	6	4.6534375
	7	3.965666667
	8	4.184333333
	9	4.316
	10	4.824
	11	4.591111111
	12	4.738611111
	13	5.117586207
	14	4.837241379
	15	4.857
	16	5.153103448
	17	3.972727273
	18	3.441818182
	19	4.679
	20	3.829393939
	21	4.048
	22	3.246896552
	23	3.56
UZ1709	0	4.346885246
	1	3.747948718
	2	3.762727273
	3	3.958181818
	4	3.983333333
	5	4.941666667
	6	6.6321875
	7	6.201
	8	6.572333333
	9	6.843333333
	10	7.468333333
	11	6.755
	12	6.9775
	13	6.974827586
	14	6.69137931
	15	6.789333333
	16	7.170344828
	17	5.767878788
	18	5.194545455
	19	7.04
	20	5.637878788
	21	5.838666667
	22	4.264482759
	23	4.560689655
UZ1708	0	3.066229508
	1	2.65974359
	2	2.631515152
	3	2.821212121
	4	2.902
	5	4.330666667
	6	5.9490625
	7	5.483333333
	8	5.812333333
	9	6.097666667
	10	6.585
	11	6.009722222
	12	6.138055556
	13	6.491034483
	14	6.147931034
	15	6.190333333
	16	6.560344828
	17	5.132121212
	18	4.651212121
	19	6.353
	20	5.138787879
	21	5.220666667
	22	3.402068966
	23	3.377931034
UZ1707	0	3.51295082
	1	3.523589744
	2	3.533939394
	3	3.656363636
	4	3.69
	5	3.766666667
	6	4.4628125
	7	3.906
	8	4.184333333
	9	4.349333333
	10	4.832666667
	11	4.464722222
	12	4.5075
	13	4.644137931
	14	4.420344828
	15	4.466333333
	16	4.699655172
	17	3.775757576
	18	3.332727273
	19	4.543333333
	20	3.667272727
	21	3.917333333
	22	3.190344828
	23	3.622413793
UZ1706	0	6.30147541
	1	6.506923077
	2	6.403939394
	3	6.398787879
	4	6.547
	5	6.148
	6	6.466875
	7	5.688666667
	8	5.948
	9	6.185
	10	6.916333333
	11	6.358055556
	12	6.536388889
	13	6.873793103
	14	6.627931034
	15	6.661666667
	16	7.123103448
	17	5.615151515
	18	4.97
	19	6.655666667
	20	5.400909091
	21	5.942666667
	22	5.861724138
	23	6.595172414
UZ1705	0	4.192459016
	1	4.253076923
	2	4.297878788
	3	4.375454545
	4	4.431666667
	5	4.350333333
	6	5.19125
	7	4.691666667
	8	4.992
	9	5.220333333
	10	5.781
	11	5.2625
	12	5.264166667
	13	5.371724138
	14	5.1
	15	5.165
	16	5.423793103
	17	4.414848485
	18	3.947575758
	19	5.36
	20	4.292727273
	21	4.620333333
	22	3.916551724
	23	4.415517241
UZ1702	0	5.838032787
	1	5.882820513
	2	5.968484848
	3	5.855757576
	4	5.973666667
	5	5.440666667
	6	7.14
	7	7.489333333
	8	8.212333333
	9	8.563
	10	9.285666667
	11	7.995
	12	7.725277778
	13	7.514137931
	14	7.006896552
	15	6.975666667
	16	7.382413793
	17	6.301212121
	18	5.900909091
	19	7.998666667
	20	6.375151515
	21	6.925
	22	5.959655172
	23	6.555517241
UZ1609	0	4.533114754
	1	4.886923077
	2	5.158787879
	3	5.486060606
	4	5.715333333
	5	5.362
	6	10.6021875
	7	9.539
	8	10.139
	9	10.56766667
	10	11.64466667
	11	10.20777778
	12	8.8075
	13	8.755862069
	14	8.470689655
	15	8.732
	16	9.263793103
	17	8.526969697
	18	8.023636364
	19	10.88066667
	20	8.735757576
	21	9.660333333
	22	9.134137931
	23	7.993103448
UZ5507	0	1.655901639
	1	1.667435897
	2	1.849393939
	3	1.871515152
	4	1.935
	5	2.445666667
	6	2.8440625
	7	2.419
	8	2.677333333
	9	2.781666667
	10	2.991333333
	11	2.679166667
	12	2.775277778
	13	2.989655172
	14	2.871034483
	15	2.882666667
	16	2.950689655
	17	2.333030303
	18	2.167575758
	19	3.040666667
	20	2.335757576
	21	2.62
	22	1.606551724
	23	1.666551724
UZ1507	0	4.522459016
	1	5.184102564
	2	5.576363636
	3	5.948787879
	4	6.163333333
	5	5.367
	6	8.963125
	7	7.532
	8	7.763
	9	8.028
	10	8.807
	11	7.894444444
	12	7.019444444
	13	6.999655172
	14	6.888275862
	15	7.053333333
	16	7.48137931
	17	6.150909091
	18	5.611818182
	19	7.627666667
	20	6.094545455
	21	6.603666667
	22	6.280689655
	23	5.754827586
UZ1505	0	6.332786885
	1	6.667179487
	2	6.694545455
	3	6.789090909
	4	6.985333333
	5	7.249
	6	8.535625
	7	7.272
	8	7.500666667
	9	7.458333333
	10	7.740666667
	11	7.120833333
	12	7.306666667
	13	7.659310345
	14	7.412068966
	15	7.462333333
	16	8.027241379
	17	6.467575758
	18	5.897878788
	19	7.941
	20	6.410606061
	21	6.997666667
	22	6.012413793
	23	6.644827586
UZ1502	0	3.682786885
	1	3.837179487
	2	3.99969697
	3	4.204545455
	4	4.338333333
	5	4.92
	6	6.8071875
	7	5.799333333
	8	6.008333333
	9	5.916333333
	10	6.004666667
	11	5.484722222
	12	5.439722222
	13	5.54
	14	5.377931034
	15	5.457
	16	5.905172414
	17	4.904242424
	18	4.566666667
	19	6.258333333
	20	4.988181818
	21	5.296333333
	22	4.036551724
	23	4.093793103
UZ1307	0	2.944918033
	1	2.996153846
	2	3.197575758
	3	3.436969697
	4	3.575333333
	5	3.626
	6	4.200625
	7	3.574
	8	3.482
	9	3.562
	10	3.914666667
	11	3.42
	12	3.303333333
	13	3.769655172
	14	3.762758621
	15	3.827
	16	4.152758621
	17	3.395151515
	18	3.002121212
	19	4.098333333
	20	3.278484848
	21	3.65
	22	3.283103448
	23	3.326551724
UZ1305	0	2.67704918
	1	2.733076923
	2	2.836060606
	3	2.996969697
	4	3.088333333
	5	3.046333333
	6	3.604375
	7	3.377666667
	8	3.612666667
	9	3.775
	10	4.142333333
	11	3.767222222
	12	3.629722222
	13	3.781724138
	14	3.841724138
	15	3.604666667
	16	3.869310345
	17	3.217272727
	18	2.813939394
	19	3.786333333
	20	3.035151515
	21	3.388666667
	22	3.111034483
	23	3.211034483
UZ1304	0	2.336885246
	1	2.327692308
	2	2.529090909
	3	2.781818182
	4	2.894666667
	5	2.982333333
	6	3.4996875
	7	2.886333333
	8	2.744
	9	2.798333333
	10	3.053333333
	11	2.662777778
	12	2.581944444
	13	3.023103448
	14	3.05137931
	15	3.110666667
	16	3.377931034
	17	2.768181818
	18	2.399393939
	19	3.315333333
	20	2.637878788
	21	2.960333333
	22	2.634827586
	23	2.753793103
UZ1303	0	3.062622951
	1	3.033076923
	2	3.21030303
	3	3.385757576
	4	3.418333333
	5	3.647333333
	6	4.4846875
	7	4.677333333
	8	4.740333333
	9	4.964333333
	10	5.476
	11	4.591111111
	12	4.493055556
	13	4.751034483
	14	4.62
	15	4.426333333
	16	4.976206897
	17	4.080909091
	18	3.658484848
	19	4.895666667
	20	3.890606061
	21	4.259666667
	22	3.764137931
	23	3.937931034
UZ1302	0	3.376557377
	1	3.392820513
	2	3.563030303
	3	3.806363636
	4	3.952
	5	4.038333333
	6	4.9990625
	7	5.079
	8	5.231666667
	9	5.459
	10	5.994
	11	5.18
	12	4.842222222
	13	5.062758621
	14	4.949655172
	15	4.914333333
	16	5.343793103
	17	4.460606061
	18	4.028484848
	19	5.374333333
	20	4.256969697
	21	4.704
	22	4.136206897
	23	4.251034483
UZ1301	0	2.999344262
	1	3.807948718
	2	3.93
	3	4.155454545
	4	4.303
	5	4.453
	6	5.6265625
	7	5.707666667
	8	6.017
	9	6.226
	10	6.872333333
	11	5.738611111
	12	5.430555556
	13	5.62862069
	14	5.495172414
	15	5.214333333
	16	5.696551724
	17	4.877575758
	18	4.792121212
	19	6.253
	20	5.191818182
	21	5.526666667
	22	4.713793103
	23	4.542068966
U032	0	11.52278689
	1	6.887179487
	2	6.631212121
	3	6.604545455
	4	7.061333333
	5	12.65966667
	6	20.1721875
	7	18.33166667
	8	19.198
	9	20.08266667
	10	21.60133333
	11	19.6075
	12	20.05416667
	13	20.41862069
	14	19.16586207
	15	19.244
	16	20.45758621
	17	16.2869697
	18	14.52787879
	19	19.64633333
	20	15.91545455
	21	17.58433333
	22	17.43482759
	23	16.2462069
U033	0	11.82377049
	1	7.428974359
	2	7.283333333
	3	7.254545455
	4	7.720666667
	5	12.79966667
	6	19.6109375
	7	17.675
	8	18.526
	9	19.37166667
	10	20.907
	11	19.05416667
	12	19.50194444
	13	19.89965517
	14	18.72896552
	15	18.82666667
	16	19.98344828
	17	15.90606061
	18	14.22757576
	19	19.137
	20	15.49030303
	21	17.135
	22	17.00965517
	23	16.00655172
UZ1218	0	4.078360656
	1	3.288205128
	2	3.458787879
	3	3.748181818
	4	3.889666667
	5	3.929333333
	6	6.2159375
	7	5.760333333
	8	6.398666667
	9	6.833333333
	10	7.272333333
	11	6.558611111
	12	6.521666667
	13	6.192413793
	14	5.850689655
	15	5.970666667
	16	6.324482759
	17	5.081515152
	18	4.883333333
	19	6.841333333
	20	5.473939394
	21	5.699
	22	4.498965517
	23	4.466551724
UZ1213	0	3.448196721
	1	3.586666667
	2	3.704545455
	3	3.803939394
	4	3.899
	5	4.098333333
	6	5.4240625
	7	4.753333333
	8	5.013666667
	9	5.226333333
	10	5.743
	11	4.954444444
	12	4.512777778
	13	4.811034483
	14	4.772068966
	15	4.932666667
	16	5.206206897
	17	4.573636364
	18	4.31969697
	19	6.123
	20	4.936969697
	21	4.897333333
	22	3.950689655
	23	3.396896552
UZ1210	0	2.085901639
	1	1.831794872
	2	1.716969697
	3	1.710606061
	4	1.736333333
	5	1.714
	6	2.4359375
	7	2.565333333
	8	2.718333333
	9	2.771333333
	10	2.95
	11	2.563333333
	12	2.688333333
	13	2.840344828
	14	2.859655172
	15	2.781666667
	16	3.22137931
	17	2.67
	18	2.418181818
	19	3.561
	20	3.008484848
	21	2.702333333
	22	2.373793103
	23	2.366551724
UZ1207	0	3.028196721
	1	2.47
	2	2.747878788
	3	2.966969697
	4	3.100666667
	5	3.331333333
	6	5.7025
	7	5.197666667
	8	5.911333333
	9	6.234666667
	10	6.705
	11	6.1375
	12	5.914722222
	13	5.427241379
	14	5.275172414
	15	5.329333333
	16	5.708965517
	17	4.554545455
	18	4.371212121
	19	6.149
	20	4.897575758
	21	5.056333333
	22	3.751034483
	23	3.614827586
UZ1204	0	3.566393443
	1	3.025641026
	2	3.223030303
	3	3.494848485
	4	3.661666667
	5	3.868333333
	6	6.274375
	7	5.708333333
	8	6.496333333
	9	6.814
	10	7.363333333
	11	6.7175
	12	6.571944444
	13	6.105862069
	14	5.816206897
	15	5.967666667
	16	6.337931034
	17	5.09030303
	18	4.795151515
	19	6.704
	20	5.359090909
	21	5.615
	22	4.30137931
	23	4.149655172
UZ0624	0	8.258688525
	1	8.666666667
	2	8.246060606
	3	8.476969697
	4	8.688666667
	5	8.059333333
	6	9.590625
	7	8.385
	8	10.40766667
	9	10.423
	10	11.81566667
	11	10.54611111
	12	11.09611111
	13	10.94586207
	14	10.58586207
	15	10.945
	16	11.81206897
	17	9.75
	18	9.234545455
	19	12.343
	20	9.624242424
	21	11.13633333
	22	8.980689655
	23	9.68
UZ0622	0	3.169672131
	1	3.253846154
	2	3.322727273
	3	3.407272727
	4	3.454
	5	3.106
	6	3.9934375
	7	3.937
	8	5.322666667
	9	5.315333333
	10	6.024333333
	11	4.328611111
	12	4.136111111
	13	4.113448276
	14	3.960689655
	15	4.064
	16	4.356896552
	17	3.778484848
	18	4.213030303
	19	5.826
	20	4.717575758
	21	5.416
	22	4.075517241
	23	3.984482759
UZ0617	0	3.080327869
	1	3.153076923
	2	3.226060606
	3	3.304242424
	4	3.352333333
	5	2.993333333
	6	3.9090625
	7	3.934666667
	8	5.346666667
	9	5.344333333
	10	6.064666667
	11	4.275555556
	12	4.081111111
	13	4.043448276
	14	3.896206897
	15	3.997
	16	4.283448276
	17	3.762121212
	18	4.227575758
	19	5.854333333
	20	4.746666667
	21	5.444666667
	22	4.041724138
	23	3.936206897
UZ0615	0	2.933442623
	1	2.866410256
	2	2.878484848
	3	2.880909091
	4	2.904333333
	5	2.507666667
	6	4.0228125
	7	5.055666667
	8	5.464
	9	5.495
	10	6.218333333
	11	4.577222222
	12	3.941388889
	13	3.974137931
	14	3.820689655
	15	3.907666667
	16	4.171034483
	17	4.166363636
	18	4.25030303
	19	5.896
	20	4.791212121
	21	5.474666667
	22	4.405517241
	23	4.429655172
UZ0613	0	3.457868852
	1	3.534615385
	2	3.596666667
	3	3.677575758
	4	3.735666667
	5	3.366333333
	6	4.365625
	7	4.476666667
	8	5.983333333
	9	6.016333333
	10	6.792333333
	11	4.820833333
	12	4.614444444
	13	4.589655172
	14	4.416551724
	15	4.505333333
	16	4.84
	17	4.245454545
	18	4.724545455
	19	6.512333333
	20	5.278787879
	21	6.015666667
	22	4.473103448
	23	4.39137931
UZ0611	0	2.940491803
	1	3.004871795
	2	3.082121212
	3	3.148181818
	4	3.207
	5	2.872
	6	3.75
	7	3.787333333
	8	5.138666667
	9	5.112666667
	10	5.800666667
	11	4.080555556
	12	3.8975
	13	3.866551724
	14	3.722758621
	15	3.819
	16	4.097586207
	17	3.587878788
	18	4.057575758
	19	5.606666667
	20	4.549090909
	21	5.232666667
	22	3.856551724
	23	3.749655172
UZ0609	0	2.605409836
	1	2.647692308
	2	2.728787879
	3	2.823636364
	4	2.859
	5	2.577
	6	3.5078125
	7	3.759666667
	8	5.348333333
	9	5.355666667
	10	5.997333333
	11	4.041944444
	12	3.825833333
	13	3.75862069
	14	3.594827586
	15	3.670666667
	16	3.962758621
	17	3.541818182
	18	4.159090909
	19	5.746
	20	4.656666667
	21	5.317333333
	22	3.666206897
	23	3.477931034
UZ1231	0	3.897377049
	1	3.1
	2	2.889393939
	3	3.676060606
	4	3.592666667
	5	4.148666667
	6	5.5509375
	7	5.533
	8	4.523
	9	5.747333333
	10	4.333
	11	5.005833333
	12	4.115555556
	13	4.686206897
	14	4.673793103
	15	4.353
	16	5.306896552
	17	4.820606061
	18	4.91969697
	19	4.892666667
	20	5.437272727
	21	4.243
	22	3.893793103
	23	3.56
UZ5508	0	3.100819672
	1	2.341794872
	2	2.269393939
	3	2.893939394
	4	2.894333333
	5	4.187666667
	6	4.46625
	7	4.903333333
	8	3.986666667
	9	4.891
	10	3.705333333
	11	3.938611111
	12	3.111111111
	13	3.568275862
	14	3.644827586
	15	3.558333333
	16	4.232758621
	17	4.003636364
	18	4.141212121
	19	3.785666667
	20	4.327272727
	21	4.026
	22	3.253793103
	23	3.290344828
UZ5502	0	5.02442623
	1	4.277179487
	2	3.793939394
	3	4.689393939
	4	4.640333333
	5	6.120333333
	6	7.34875
	7	8.991666667
	8	7.562333333
	9	9.568
	10	7.399666667
	11	7.573333333
	12	5.606111111
	13	6.176206897
	14	6.219655172
	15	6.07
	16	7.256206897
	17	7.362424242
	18	7.966666667
	19	7.395333333
	20	8.392727273
	21	7.503333333
	22	5.975517241
	23	4.944827586
U263	0	1.687704918
	1	1.953846154
	2	1.618787879
	3	2.007575758
	4	1.95
	5	2.205666667
	6	2.0665625
	7	2.200666667
	8	1.909
	9	2.273666667
	10	1.973666667
	11	2.111944444
	12	1.637222222
	13	2.064482759
	14	2.03
	15	1.882666667
	16	2.215862069
	17	2.007878788
	18	1.92
	19	1.611666667
	20	1.93
	21	1.848666667
	22	1.752758621
	23	2.006896552
UZ0608	0	3.314098361
	1	3.001538462
	2	2.674242424
	3	3.306363636
	4	3.215333333
	5	3.512666667
	6	4.1121875
	7	5.171666667
	8	5.793666667
	9	6.976
	10	5.518333333
	11	4.857777778
	12	3.83
	13	4.010344828
	14	3.986206897
	15	3.915333333
	16	4.713103448
	17	4.577878788
	18	5.747272727
	19	5.298333333
	20	6.071818182
	21	5.939666667
	22	4.334137931
	23	3.966551724
UZ0606	0	3.061639344
	1	2.785384615
	2	2.486666667
	3	3.078484848
	4	2.988
	5	3.219333333
	6	3.759375
	7	4.549666667
	8	5.013
	9	5.993666667
	10	4.83
	11	4.283333333
	12	3.369444444
	13	3.503103448
	14	3.487241379
	15	3.442
	16	4.130344828
	17	4.014545455
	18	5.042424242
	19	4.674666667
	20	5.335151515
	21	5.275333333
	22	3.957586207
	23	3.635862069
UZ0602	0	3.974098361
	1	3.643076923
	2	3.221515152
	3	4.039090909
	4	3.95
	5	4.466333333
	6	4.9771875
	7	5.812
	8	5.479333333
	9	6.529
	10	5.197333333
	11	5.070277778
	12	4.118333333
	13	4.282068966
	14	4.226896552
	15	4.163666667
	16	5.003793103
	17	4.730909091
	18	5.40030303
	19	4.970333333
	20	5.708787879
	21	5.573666667
	22	4.683793103
	23	4.489310345
UZ0601	0	3.362459016
	1	3.074871795
	2	2.744242424
	3	3.409090909
	4	3.33
	5	3.756
	6	4.38375
	7	5.310333333
	8	5.272
	9	6.289
	10	4.966666667
	11	4.6725
	12	3.690555556
	13	3.882068966
	14	3.832413793
	15	3.758
	16	4.56137931
	17	4.353333333
	18	5.185454545
	19	4.801333333
	20	5.493333333
	21	5.378
	22	4.274482759
	23	3.955172414
UZ0514	0	2.099344262
	1	1.856153846
	2	1.71969697
	3	2.152424242
	4	2.105333333
	5	2.6
	6	3.3253125
	7	3.665
	8	2.829
	9	3.386
	10	2.779
	11	3.053055556
	12	2.401944444
	13	2.636896552
	14	2.702068966
	15	2.63
	16	3.20862069
	17	2.88969697
	18	3.029090909
	19	2.76
	20	3.121515152
	21	3.050666667
	22	2.984137931
	23	2.687586207
UZ0513	0	2.05
	1	1.805641026
	2	1.636969697
	3	2.046969697
	4	1.994
	5	2.527666667
	6	3.3246875
	7	3.756333333
	8	2.913666667
	9	3.488666667
	10	2.843666667
	11	3.095833333
	12	2.420833333
	13	2.646206897
	14	2.681724138
	15	2.632
	16	3.199310345
	17	2.912424242
	18	3.101818182
	19	2.824666667
	20	3.199090909
	21	3.138333333
	22	3.017931034
	23	2.661724138
UZ0309	0	2.32147541
	1	1.765128205
	2	1.640909091
	3	2.151818182
	4	2.179
	5	2.534
	6	3.6365625
	7	4.745
	8	4.330666667
	9	5.675666667
	10	4.373333333
	11	4.781666667
	12	3.866944444
	13	3.872068966
	14	3.736551724
	15	3.639
	16	4.292413793
	17	4.217878788
	18	4.301818182
	19	4.049333333
	20	4.386666667
	21	3.847666667
	22	2.674482759
	23	2.241724138
UZ0307	0	2.583934426
	1	1.931025641
	2	1.783030303
	3	2.340606061
	4	2.365666667
	5	2.72
	6	3.6928125
	7	5.096333333
	8	4.751333333
	9	6.275666667
	10	4.893
	11	5.3425
	12	4.3375
	13	4.332758621
	14	4.212413793
	15	4.071666667
	16	4.826896552
	17	4.791212121
	18	4.840606061
	19	4.486666667
	20	4.865757576
	21	4.334333333
	22	3.043103448
	23	2.49862069
UZ0218	0	8.160163934
	1	7.238205128
	2	5.982727273
	3	7.102727273
	4	7.067333333
	5	10.02833333
	6	12.2815625
	7	16.153
	8	14.125
	9	17.26233333
	10	13.48233333
	11	14.00833333
	12	11.37055556
	13	11.89275862
	14	11.23655172
	15	10.65766667
	16	12.93931034
	17	12.85181818
	18	12.86878788
	19	11.55
	20	13.31181818
	21	12.31566667
	22	10.3462069
	23	8.943103448
UZ0208	0	4.450327869
	1	1.196410256
	2	1.127575758
	3	1.425757576
	4	1.350666667
	5	2.264
	6	4.1234375
	7	6.233
	8	5.245666667
	9	6.588333333
	10	5.289
	11	5.073611111
	12	3.927777778
	13	4.494137931
	14	4.435172414
	15	4.322666667
	16	5.174137931
	17	4.496363636
	18	5.476969697
	19	5.086
	20	5.821515152
	21	5.573666667
	22	5.406551724
	23	5.185517241
UZ0206	0	5.437868852
	1	2.557692308
	2	2.284242424
	3	2.799393939
	4	2.715666667
	5	3.726333333
	6	5.2578125
	7	7.165
	8	6.076
	9	7.638
	10	6.164666667
	11	6.229444444
	12	4.860555556
	13	5.398965517
	14	5.406896552
	15	5.192
	16	6.334827586
	17	5.605757576
	18	6.352424242
	19	5.896
	20	6.715454545
	21	6.305666667
	22	6.093103448
	23	5.946551724
UZ0204	0	3.597868852
	1	2.075384615
	2	1.87969697
	3	2.219393939
	4	2.209666667
	5	4.216666667
	6	5.2425
	7	5.097333333
	8	4.308666667
	9	5.425
	10	4.246666667
	11	4.774722222
	12	4.091944444
	13	4.513448276
	14	4.46
	15	4.312666667
	16	5.093103448
	17	4.373333333
	18	4.04969697
	19	3.740666667
	20	4.280606061
	21	4.226333333
	22	4.288275862
	23	4.420689655
UZ0202	0	6.01704918
	1	4.36
	2	3.711515152
	3	4.468484848
	4	4.371666667
	5	5.911
	6	7.2515625
	7	9.177
	8	7.878333333
	9	9.786
	10	7.771
	11	8.082777778
	12	6.533611111
	13	7.073793103
	14	6.873448276
	15	6.591
	16	7.950344828
	17	7.444242424
	18	7.748484848
	19	7.051333333
	20	8.078484848
	21	7.581
	22	6.907241379
	23	6.475862069
UZ0201	0	10.42901639
	1	5.463589744
	2	4.720909091
	3	5.61969697
	4	5.688666667
	5	12.088
	6	17.0059375
	7	18.61033333
	8	15.558
	9	19.419
	10	15.07033333
	11	16.92555556
	12	14.2725
	13	15.4837931
	14	14.91965517
	15	14.37466667
	16	17.22896552
	17	15.07454545
	18	14.92333333
	19	13.53266667
	20	15.56151515
	21	14.789
	22	14.71931034
	23	13.21965517
UZ0108	0	2.903770492
	1	2.053076923
	2	1.795454545
	3	2.26969697
	4	2.226
	5	3.697
	6	4.37
	7	4.755333333
	8	4.069333333
	9	5.065333333
	10	4.048
	11	4.446666667
	12	3.5925
	13	3.901724138
	14	3.903103448
	15	3.812333333
	16	4.598275862
	17	4.303030303
	18	4.477878788
	19	4.203
	20	4.795151515
	21	4.48
	22	4.092068966
	23	3.59
UZ0106	0	3.492459016
	1	2.342307692
	2	2.07
	3	2.66
	4	2.639666667
	5	5.146333333
	6	7.1484375
	7	8.045
	8	6.703666667
	9	7.904333333
	10	6.05
	11	6.601944444
	12	5.3775
	13	5.833103448
	14	5.845172414
	15	5.749666667
	16	7.022413793
	17	6.623030303
	18	7.099393939
	19	6.513666667
	20	7.394242424
	21	6.939
	22	5.963793103
	23	4.636551724
UZ0105	0	3.523278689
	1	2.364871795
	2	2.098484848
	3	2.752424242
	4	2.616
	5	4.418333333
	6	6.5784375
	7	7.126
	8	5.772333333
	9	6.296
	10	4.652333333
	11	5.091388889
	12	4.223611111
	13	4.639310345
	14	4.800344828
	15	4.613333333
	16	5.632413793
	17	5.052121212
	18	5.901515152
	19	5.472666667
	20	6.084848485
	21	5.807333333
	22	5.009310345
	23	3.995517241
UZ0102	0	2.804262295
	1	2.102051282
	2	1.827878788
	3	2.211515152
	4	2.197333333
	5	3.382666667
	6	5.49875
	7	6.037
	8	4.903666667
	9	5.177
	10	3.699666667
	11	3.857222222
	12	3.21
	13	3.620344828
	14	3.679310345
	15	3.647333333
	16	4.374482759
	17	3.93030303
	18	4.877878788
	19	4.480333333
	20	5.068484848
	21	4.893666667
	22	4.067586207
	23	3.159310345
U256	0	3.052622951
	1	2.740769231
	2	2.427878788
	3	3.034545455
	4	2.957333333
	5	3.667
	6	4.5634375
	7	5.595666667
	8	4.788
	9	5.755666667
	10	4.589666667
	11	4.706666667
	12	3.623333333
	13	3.906896552
	14	3.887586207
	15	3.766333333
	16	4.612413793
	17	4.326969697
	18	4.761212121
	19	4.409666667
	20	5.036060606
	21	4.866
	22	4.293448276
	23	3.734482759
U255	0	3.435901639
	1	3.496923077
	2	3.456363636
	3	4.503333333
	4	4.466666667
	5	4.856
	6	7.3728125
	7	7.103
	8	5.715333333
	9	7.052333333
	10	5.611333333
	11	6.444444444
	12	4.666111111
	13	4.984827586
	14	5.175862069
	15	5.162666667
	16	6.124137931
	17	5.961515152
	18	5.78030303
	19	5.303
	20	5.996363636
	21	5.679666667
	22	5.528275862
	23	4.96862069
U254	0	4.13147541
	1	3.774102564
	2	3.45030303
	3	4.458181818
	4	4.376333333
	5	5.207333333
	6	7.1928125
	7	7.63
	8	6.388
	9	7.852666667
	10	6.044333333
	11	6.795555556
	12	5.319166667
	13	5.593103448
	14	5.592068966
	15	5.475666667
	16	6.523103448
	17	6.17969697
	18	6.258484848
	19	5.808
	20	6.576363636
	21	6.12
	22	5.191034483
	23	4.733793103
U253	0	3.801311475
	1	3.934358974
	2	3.659090909
	3	4.718181818
	4	4.621666667
	5	4.838333333
	6	5.815
	7	5.382666667
	8	4.188666667
	9	5.041666667
	10	4.032666667
	11	4.694722222
	12	3.740277778
	13	4.028965517
	14	4.152758621
	15	4.075333333
	16	4.876896552
	17	4.231515152
	18	4.105454545
	19	3.767
	20	4.228787879
	21	4.045666667
	22	3.940344828
	23	3.713448276
U245	0	4.285737705
	1	3.843076923
	2	3.473636364
	3	4.343030303
	4	4.271
	5	5.296333333
	6	6.0278125
	7	6.495333333
	8	5.263666667
	9	6.527666667
	10	5.128333333
	11	5.583055556
	12	4.3725
	13	4.885517241
	14	5.00137931
	15	4.919
	16	5.841034483
	17	5.535757576
	18	5.773030303
	19	5.399
	20	6.141515152
	21	5.495333333
	22	4.596551724
	23	3.960689655
U241	0	5.591803279
	1	3.976153846
	2	3.536969697
	3	4.475454545
	4	4.474666667
	5	5.305666667
	6	6.564375
	7	8.215666667
	8	7.207333333
	9	9.398
	10	7.272666667
	11	7.828611111
	12	6.244444444
	13	6.676206897
	14	6.044827586
	15	5.843666667
	16	6.972413793
	17	6.053636364
	18	6.949393939
	19	6.538333333
	20	7.612121212
	21	7.153
	22	5.969310345
	23	5.540344828
U239	0	3.583114754
	1	3.107179487
	2	2.947272727
	3	3.700606061
	4	3.734333333
	5	4.288666667
	6	6.4728125
	7	6.715333333
	8	5.915
	9	7.318666667
	10	5.835666667
	11	6.628055556
	12	5.187777778
	13	5.178965517
	14	5.224137931
	15	5.191
	16	6.220689655
	17	5.760909091
	18	5.706060606
	19	5.282333333
	20	5.979393939
	21	5.551666667
	22	4.590344828
	23	4.28137931
U237	0	2.636885246
	1	2.058461538
	2	1.995151515
	3	2.647878788
	4	2.693333333
	5	3.539666667
	6	5.4875
	7	6.009333333
	8	5.502333333
	9	6.972333333
	10	5.375333333
	11	6.099444444
	12	4.888611111
	13	4.716896552
	14	4.656206897
	15	4.598333333
	16	5.452068966
	17	4.970606061
	18	5.127878788
	19	4.833666667
	20	5.486060606
	21	4.803666667
	22	3.625172414
	23	3.262413793
U235	0	5.310819672
	1	3.63974359
	2	3.312727273
	3	4.20030303
	4	4.206666667
	5	4.995333333
	6	6.3465625
	7	8.026666667
	8	6.909
	9	9.159666667
	10	7.043666667
	11	7.542777778
	12	6.041944444
	13	6.315172414
	14	5.741724138
	15	5.581
	16	6.667586207
	17	5.952424242
	18	6.681818182
	19	6.304
	20	7.326060606
	21	6.889
	22	5.601034483
	23	5.107586207
U219	0	3.468196721
	1	2.72025641
	2	2.577272727
	3	3.376969697
	4	3.389333333
	5	4.199333333
	6	6.2353125
	7	6.553666667
	8	5.776333333
	9	7.203333333
	10	5.673
	11	6.456388889
	12	5.077777778
	13	5.076896552
	14	5.092413793
	15	5.016
	16	5.972413793
	17	5.564848485
	18	5.553939394
	19	5.201
	20	5.886666667
	21	5.352666667
	22	4.288965517
	23	3.916896552
U203	0	1.9
	1	1.739230769
	2	1.57969697
	3	1.991515152
	4	1.915
	5	1.962333333
	6	2.415
	7	2.843666667
	8	3.363
	9	3.984333333
	10	3.288666667
	11	2.691666667
	12	2.088888889
	13	2.121034483
	14	2.122413793
	15	2.119666667
	16	2.494827586
	17	2.462121212
	18	3.373030303
	19	3.183
	20	3.641515152
	21	3.748333333
	22	2.642413793
	23	2.37
U201	0	6.349180328
	1	4.459230769
	2	3.598484848
	3	4.340909091
	4	4.281666667
	5	4.909666667
	6	7.0975
	7	9.995
	8	8.408333333
	9	10.44966667
	10	8.372
	11	9.577222222
	12	7.688333333
	13	8.077586207
	14	8.029655172
	15	7.808333333
	16	9.374827586
	17	8.301212121
	18	8.67
	19	7.942333333
	20	9.101212121
	21	8.601
	22	8.502758621
	23	7.896206897
U148	0	8.43852459
	1	5.782564103
	2	5.146666667
	3	6.394545455
	4	6.365
	5	7.718
	6	9.981875
	7	13.09033333
	8	11.474
	9	15.501
	10	11.77933333
	11	12.66027778
	12	10.09277778
	13	10.55413793
	14	9.754827586
	15	9.418
	16	11.17724138
	17	10.00939394
	18	11.19121212
	19	10.27766667
	20	11.84787879
	21	11.12733333
	22	9.223793103
	23	8.51137931
U142	0	4.767377049
	1	4.239230769
	2	3.892727273
	3	4.925151515
	4	4.866333333
	5	5.739666667
	6	5.7734375
	7	5.841
	8	4.606333333
	9	5.613333333
	10	4.415333333
	11	4.901666667
	12	4.050277778
	13	4.772758621
	14	4.897586207
	15	4.801
	16	5.807586207
	17	5.229393939
	18	5.026969697
	19	4.599333333
	20	5.279090909
	21	5.021333333
	22	4.712758621
	23	4.906206897
U141	0	3.11442623
	1	2.431282051
	2	2.272424242
	3	3.056363636
	4	3.007
	5	3.621
	6	4.93375
	7	5.312666667
	8	4.212
	9	5.297
	10	3.995333333
	11	4.379444444
	12	3.320277778
	13	3.885517241
	14	3.854137931
	15	3.945333333
	16	4.612068966
	17	4.323939394
	18	4.802121212
	19	4.544
	20	5.145757576
	21	3.849333333
	22	3.136896552
	23	2.621724138
U140	0	4.045901639
	1	3.13
	2	2.929393939
	3	3.781515152
	4	3.77
	5	4.453333333
	6	5.9984375
	7	6.279
	8	5.221
	9	6.543333333
	10	4.869666667
	11	5.596666667
	12	4.670277778
	13	5.02
	14	5.069310345
	15	5.001
	16	5.913103448
	17	5.278181818
	18	5.366666667
	19	5.194666667
	20	5.906060606
	21	4.764
	22	4.162068966
	23	3.77137931
U138	0	2.83852459
	1	2.455384615
	2	2.346363636
	3	3.056666667
	4	3.041333333
	5	3.718666667
	6	3.81875
	7	3.651333333
	8	2.790666667
	9	3.362666667
	10	2.654666667
	11	2.920833333
	12	2.355833333
	13	2.913793103
	14	3.03862069
	15	3.009666667
	16	3.637241379
	17	3.295757576
	18	3.130909091
	19	2.879
	20	3.305757576
	21	3.152666667
	22	2.893793103
	23	2.963448276
UZ5506	0	3.87147541
	1	3.333846154
	2	2.966363636
	3	3.7
	4	3.721333333
	5	4.871
	6	4.984375
	7	5.309333333
	8	4.495333333
	9	5.608666667
	10	4.344666667
	11	4.989444444
	12	4.088055556
	13	4.606206897
	14	4.630344828
	15	4.464666667
	16	5.267931034
	17	4.682121212
	18	4.635454545
	19	4.391
	20	4.936060606
	21	4.643
	22	3.475517241
	23	3.649655172
U134	0	3.296885246
	1	2.99
	2	2.654242424
	3	3.313333333
	4	3.193
	5	3.993
	6	4.80375
	7	5.868666667
	8	4.967
	9	6.004666667
	10	4.774666667
	11	4.953888889
	12	3.803611111
	13	4.137931034
	14	4.122413793
	15	3.986666667
	16	4.880689655
	17	4.568787879
	18	4.971818182
	19	4.590666667
	20	5.231818182
	21	5.060333333
	22	4.511034483
	23	3.986206897
U031	0	3.903934426
	1	2.155641026
	2	1.804545455
	3	2.163333333
	4	2.080333333
	5	2.929666667
	6	4.22375
	7	5.473333333
	8	4.697333333
	9	5.783333333
	10	4.649
	11	4.764722222
	12	3.836944444
	13	4.250344828
	14	4.064482759
	15	3.993
	16	4.686551724
	17	4.328181818
	18	4.757272727
	19	4.361666667
	20	4.982727273
	21	4.761666667
	22	4.544827586
	23	4.389655172
U125	0	3.111147541
	1	2.827179487
	2	2.515151515
	3	3.178787879
	4	3.114
	5	3.586
	6	4.1228125
	7	4.806
	8	4.343333333
	9	5.22
	10	4.134
	11	4.177222222
	12	3.278611111
	13	3.458275862
	14	3.418275862
	15	3.384666667
	16	4.117586207
	17	3.833030303
	18	4.32
	19	4.048
	20	4.651818182
	21	4.544333333
	22	3.817931034
	23	3.497931034
U118	0	3.831967213
	1	3.345384615
	2	2.991818182
	3	3.705151515
	4	3.631
	5	4.151666667
	6	5.125625
	7	6.384
	8	6.398
	9	7.84
	10	6.282666667
	11	6.514722222
	12	5.361111111
	13	4.935517241
	14	4.840689655
	15	4.691333333
	16	5.707931034
	17	5.483030303
	18	6.589090909
	19	6.047
	20	6.913333333
	21	6.68
	22	4.984482759
	23	4.872413793
U109	0	4.073114754
	1	3.696666667
	2	3.321515152
	3	4.170909091
	4	4.132333333
	5	6.447666667
	6	7.6384375
	7	7.966666667
	8	6.641333333
	9	7.719333333
	10	5.181
	11	5.884444444
	12	4.923333333
	13	5.342413793
	14	5.367586207
	15	5.217
	16	6.232413793
	17	5.751818182
	18	6.154848485
	19	5.625666667
	20	6.368787879
	21	5.942666667
	22	3.991724138
	23	3.985172414
U108	0	5.361147541
	1	5.092051282
	2	4.460909091
	3	5.561515152
	4	5.498
	5	7.322333333
	6	7.8653125
	7	8.068666667
	8	6.562
	9	7.589333333
	10	5.53
	11	6.330277778
	12	5.332777778
	13	5.968275862
	14	5.96862069
	15	5.831333333
	16	6.951724138
	17	6.302424242
	18	6.457878788
	19	5.855
	20	6.647272727
	21	6.225333333
	22	4.973103448
	23	5.292068966
U103	0	3.25147541
	1	3.774871795
	2	3.378181818
	3	3.511515152
	4	4.013
	5	4.792
	6	4.48875
	7	4.803333333
	8	4.529333333
	9	5.077
	10	4.263666667
	11	3.758611111
	12	3.729722222
	13	4.677931034
	14	4.63
	15	4.737666667
	16	4.901034483
	17	4.356060606
	18	3.869090909
	19	3.458
	20	4.356060606
	21	4.252
	22	3.577241379
	23	4.059655172
U101	0	3.906065574
	1	3.872307692
	2	3.642121212
	3	4.731515152
	4	4.71
	5	5.099666667
	6	8.895625
	7	9.682333333
	8	8.218
	9	10.254
	10	7.998666667
	11	8.716111111
	12	6.051111111
	13	6.212068966
	14	6.304137931
	15	6.124666667
	16	7.311034483
	17	6.967878788
	18	7.007575758
	19	6.441666667
	20	7.313030303
	21	6.750666667
	22	6.095862069
	23	4.948275862
U029	0	2.807377049
	1	1.997692308
	2	1.952121212
	3	2.064848485
	4	2.372666667
	5	6.957666667
	6	7.9565625
	7	9.746
	8	7.972666667
	9	9.941666667
	10	7.653333333
	11	8.800555556
	12	6.945555556
	13	7.363793103
	14	7.154482759
	15	6.999
	16	8.537586207
	17	8.310909091
	18	7.764848485
	19	7.645666667
	20	8.831818182
	21	8.533666667
	22	6.872068966
	23	4.896896552
U027	0	4.249016393
	1	2.142564103
	2	1.896363636
	3	2.317575758
	4	2.298
	5	3.18
	6	4.144375
	7	5.294
	8	4.504333333
	9	5.892666667
	10	4.679
	11	4.851944444
	12	3.820833333
	13	4.076896552
	14	4.091724138
	15	3.999333333
	16	4.844827586
	17	4.281212121
	18	4.756060606
	19	4.547666667
	20	5.01030303
	21	4.671333333
	22	4.548965517
	23	4.501034483
U024	0	1.561803279
	1	0.761282051
	2	0.735757576
	3	1.163939394
	4	1.122333333
	5	2.652333333
	6	5.15125
	7	5.016666667
	8	4.054333333
	9	3.73
	10	2.32
	11	2.311111111
	12	2.139166667
	13	2.464827586
	14	2.692068966
	15	2.695666667
	16	3.217931034
	17	2.920909091
	18	3.863030303
	19	3.450333333
	20	3.945151515
	21	3.958666667
	22	2.699310345
	23	2.073448276
U019	0	3.627540984
	1	1.646410256
	2	1.476060606
	3	1.803939394
	4	1.741
	5	2.599333333
	6	3.5809375
	7	4.821333333
	8	4.262
	9	5.470333333
	10	4.368
	11	4.390277778
	12	3.362777778
	13	3.692413793
	14	3.66
	15	3.514333333
	16	4.264827586
	17	3.812727273
	18	4.399393939
	19	4.117
	20	4.581818182
	21	4.267666667
	22	4.016896552
	23	3.983793103
U017	0	4.579016393
	1	3.396410256
	2	2.944242424
	3	3.603030303
	4	3.761333333
	5	11.82633333
	6	14.008125
	7	18.325
	8	15.63433333
	9	19.59266667
	10	15.19266667
	11	16.39972222
	12	12.63138889
	13	13.2037931
	14	12.75068966
	15	12.27133333
	16	15.00034483
	17	15.47909091
	18	15.90454545
	19	14.66933333
	20	16.53545455
	21	15.41666667
	22	12.67
	23	8.581724138
