UZ5601	0	1188
	1	1072
	2	1087
	3	1087
	4	1087
	5	1688
	6	2203
	7	2492
	8	2485
	9	2507
	10	2463.5
	11	2355
	12	2253.5
	13	2166.5
	14	2108.5
	15	2014
	16	2130.5
	17	2289.5
	18	2369.5
	19	2377
	20	2391
	21	2304
	22	2145
	23	1739
UZ5505	0	464
	1	420
	2	376.5
	3	362.5
	4	347.5
	5	434.5
	6	833
	7	1123
	8	1210
	9	1130.5
	10	1036
	11	1079.5
	12	1000
	13	942
	14	920
	15	956
	16	934.5
	17	992.5
	18	1050.5
	19	1036
	20	978
	21	942
	22	797
	23	478
UZ5415	0	2246
	1	1253
	2	1340
	3	1439
	4	1485.5
	5	4596.5
	6	6309.5
	7	7129
	8	7166.5
	9	7271.5
	10	7033
	11	6766.5
	12	6542.5
	13	6210.5
	14	6014.5
	15	5974
	16	6089.5
	17	6673
	18	6815
	19	6904
	20	6889
	21	6685
	22	6089
	23	4862
UZ5413	0	513
	1	435
	2	417
	3	430.5
	4	435
	5	691
	6	1039
	7	1247.5
	8	1239
	9	1235
	10	1195.5
	11	1143.5
	12	1008.5
	13	956.5
	14	926
	15	917.5
	16	934.5
	17	1026
	18	1078
	19	1104
	20	1122
	21	1061
	22	974
	23	800
UZ5412	0	2029
	1	1884
	2	1898.5
	3	1913
	4	1898.5
	5	2753.5
	6	3565
	7	3826
	8	3898.5
	9	3927.5
	10	3797
	11	3666.5
	12	3739
	13	3550.5
	14	3405.5
	15	3434.5
	16	3478
	17	3739
	18	3826
	19	3942
	20	3942
	21	3797
	22	3536
	23	2956
UZ5411	0	927
	1	927
	2	898
	3	883.5
	4	912.5
	5	1376.5
	6	1898.5
	7	2174
	8	2130.5
	9	2174
	10	2058
	11	1985.5
	12	1956.5
	13	1811.5
	14	1797
	15	1753.5
	16	1826
	17	2014.5
	18	2130.5
	19	2116
	20	2116
	21	2000
	22	1826
	23	1478
UZ5408	0	768
	1	609
	2	616
	3	616
	4	630.5
	5	956.5
	6	1471
	7	1790
	8	1761
	9	1732
	10	1696
	11	1623.5
	12	1434.5
	13	1355
	14	1326
	15	1297
	16	1347.5
	17	1478
	18	1572.5
	19	1616
	20	1623
	21	1478
	22	1391
	23	1116
UZ5306	0	1344
	1	1387
	2	1257
	3	1213.5
	4	1214
	5	1423
	6	1871
	7	2203.5
	8	2514.5
	9	2543
	10	2528.5
	11	2463.5
	12	2081
	13	1900
	14	1885.5
	15	1828
	16	1748.5
	17	1979.5
	18	2210.5
	19	2240
	20	2225
	21	2124
	22	1835
	23	1560
UZ5304	0	2057
	1	2181
	2	2104
	3	2233
	4	2363.5
	5	3047.5
	6	4290
	7	5134.5
	8	5616
	9	5530.5
	10	5486
	11	5210.5
	12	4290
	13	3963.5
	14	4010
	15	4014
	16	3908
	17	4536
	18	5088.5
	19	4808
	20	4797
	21	4418
	22	3894
	23	2732
UZ5303	0	2128
	1	2404.5
	2	2317
	3	2228
	4	2224
	5	2684
	6	3650
	7	4482
	8	4992
	9	4984.5
	10	5093.5
	11	4925
	12	4032.5
	13	3638.5
	14	3628.5
	15	3617
	16	3364.5
	17	3878
	18	4309
	19	4338
	20	4258
	21	4150
	22	3500
	23	2582
UZ1709	0	1459
	1	1199
	2	1084
	3	1214
	4	1192
	5	2687.5
	6	3042
	7	2962.5
	8	2911.5
	9	2933.5
	10	2847
	11	2861.5
	12	2912
	13	2977
	14	2969.5
	15	2977
	16	2991.5
	17	2977
	18	2948
	19	2940.5
	20	2919
	21	2890
	22	1835
	23	1561
UZ1702	0	2878
	1	2849
	2	2907
	3	2616
	4	2703
	5	2005.5
	6	2921.5
	7	4287.5
	8	4448
	9	4491
	10	4215
	11	3938.5
	12	3488.5
	13	3067
	14	2936
	15	2834.5
	16	2907
	17	3255.5
	18	3372
	19	3546
	20	3634
	21	3750
	22	3721
	23	3430
UZ1609	0	1913
	1	2000
	2	2101.5
	3	2072.5
	4	2087
	5	2116
	6	3999.5
	7	4260
	8	4274.5
	9	3796.5
	10	4028.5
	11	3652
	12	3188
	13	3173.5
	14	3101
	15	2724.5
	16	3202.5
	17	3826
	18	4116
	19	4260
	20	4260
	21	4116
	22	4289
	23	3623
UZ1305	0	333
	1	174
	2	203
	3	217
	4	275
	5	217
	6	464
	7	855
	8	840
	9	985
	10	971
	11	884
	12	782
	13	710
	14	623
	15	623
	16	667
	17	652
	18	725
	19	696
	20	667
	21	782
	22	681
	23	551
UZ1302	0	687
	1	720
	2	617.5
	3	604
	4	613
	5	794
	6	1261
	7	2066
	8	2000
	9	1963
	10	1996
	11	1938
	12	1778
	13	1715
	14	1579
	15	1613
	16	1684
	17	1659
	18	1672
	19	1652
	20	1606
	21	1641
	22	1512
	23	1305
UZ1301	0	1002
	1	1033
	2	827
	3	828
	4	823.5
	5	1054
	6	1816
	7	2596
	8	2745
	9	2776
	10	2766
	11	2572
	12	2317
	13	2119
	14	2020
	15	1987
	16	2042
	17	2178
	18	2461
	19	2516
	20	2472
	21	2493
	22	2149
	23	1736
UZ1213	0	442
	1	426
	2	375
	3	350
	4	348
	5	416
	6	589.5
	7	769
	8	791
	9	748.5
	10	740
	11	702.5
	12	637
	13	593
	14	578.5
	15	566
	16	558
	17	654.5
	18	776
	19	672
	20	646
	21	641
	22	591
	23	480
UZ1110	0	3942
	1	3101
	2	2841
	3	2899
	4	2971
	5	3681
	6	4565.5
	7	6304.5
	8	6623.5
	9	6420.5
	10	6246.5
	11	5739
	12	5362
	13	4913
	14	4797.5
	15	4652.5
	16	4638
	17	4942
	18	5478
	19	5797
	20	5652
	21	5362
	22	4899
	23	4232
UZ1102	0	2362
	1	1710
	2	1696
	3	1696
	4	1667
	5	2116
	6	2478
	7	3000
	8	3072
	9	3072
	10	3043
	11	2724
	12	2724
	13	2695
	14	2681
	15	2666
	16	2666
	17	2652
	18	2927
	19	2985
	20	2956
	21	2985
	22	2985
	23	2710
UZ1101	0	5072
	1	3971
	2	3739
	3	3695.5
	4	3739
	5	5304
	6	6144
	7	8463
	8	8811
	9	8202
	10	7767
	11	6956
	12	6666
	13	6405
	14	6231
	15	5970
	16	5941
	17	6724
	18	7159
	19	7593
	20	7535
	21	6956
	22	6347
	23	5449
UZ0624	0	163
	1	159
	2	163
	3	181
	4	173
	5	183.5
	6	202
	7	233.5
	8	329
	9	327.5
	10	321.5
	11	273
	12	266.5
	13	268.5
	14	263
	15	258
	16	261
	17	265.5
	18	307.5
	19	289
	20	309
	21	288
	22	195
	23	184
UZ0613	0	1070
	1	1134
	2	1145
	3	1194
	4	1188
	5	1395.5
	6	1326
	7	1410
	8	2355
	9	2287
	10	2299
	11	1627
	12	1785
	13	1745
	14	1685
	15	1656
	16	1672
	17	1663
	18	2175
	19	2105
	20	2100
	21	2058
	22	1218
	23	1104
UZ0609	0	498.5
	1	484
	2	484
	3	491
	4	506
	5	535
	6	592
	7	722
	8	881
	9	881
	10	867
	11	722
	12	708
	13	708
	14	679
	15	650
	16	665
	17	708
	18	824
	19	809
	20	809
	21	809
	22	592
	23	564
UZ0608	0	768
	1	739
	2	753.5
	3	753.5
	4	754
	5	804.5
	6	920.5
	7	1021.5
	8	1435
	9	1420
	10	1420.5
	11	1144.5
	12	1123
	13	1108.5
	14	1101
	15	1108.5
	16	1094
	17	1246.5
	18	1333
	19	1304
	20	1311.5
	21	1289.5
	22	1072
	23	870
UZ0606	0	558
	1	548
	2	548
	3	535
	4	530
	5	552
	6	564
	7	669
	8	923.5
	9	916
	10	911
	11	774.5
	12	740
	13	708
	14	692
	15	702
	16	711.5
	17	793.5
	18	858.5
	19	869
	20	901.5
	21	869
	22	763
	23	666
UZ0601	0	1588
	1	1610
	2	1565.5
	3	1548
	4	1493
	5	1313.5
	6	1229.5
	7	1314
	8	2412
	9	2437.5
	10	2478.5
	11	1931
	12	1916
	13	1827.5
	14	1827
	15	1859
	16	1853.5
	17	2057.5
	18	2385
	19	2436
	20	2393
	21	2407
	22	2025
	23	1726
UZ0409	0	4752
	1	4524
	2	4414
	3	4408
	4	4429.5
	5	4879.5
	6	8045
	7	9455.5
	8	9710
	9	9407.5
	10	9126
	11	8467.5
	12	6948
	13	6835
	14	6657.5
	15	6537.5
	16	6719
	17	6921
	18	7200.5
	19	7202.5
	20	7275.5
	21	6654
	22	6428
	23	4958
UZ0301	0	1174
	1	1376
	2	1409
	3	1390
	4	1391.5
	5	1305
	6	1971
	7	2014.5
	8	2020
	9	1987
	10	1965
	11	1676.5
	12	1540
	13	1704
	14	1726
	15	1699.5
	16	1682.5
	17	1839
	18	1951
	19	1904
	20	1936
	21	1982
	22	2066
	23	1740
UZ0220	0	2811
	1	2469
	2	2437
	3	2385
	4	2407.5
	5	2509
	6	4113
	7	5433
	8	5471.5
	9	5291
	10	5221
	11	4916
	12	4755
	13	4465.5
	14	4376
	15	4258.5
	16	4361.5
	17	4756.5
	18	4987.5
	19	5015.5
	20	5048.5
	21	4962
	22	3891
	23	3270
UZ0218	0	6144
	1	6318
	2	6390.5
	3	6216.5
	4	6332.5
	5	6753
	6	7680.5
	7	9391
	8	9376
	9	9130
	10	9057.5
	11	8637
	12	8521
	13	7984.5
	14	7810.5
	15	7694.5
	16	7810.5
	17	8390.5
	18	8521
	19	8622.5
	20	8782
	21	8550
	22	7304
	23	6666
UZ0208	0	1248
	1	178
	2	187
	3	198.5
	4	199.5
	5	287
	6	875
	7	1407.5
	8	1336.5
	9	1333
	10	1365
	11	960.5
	12	977
	13	990.5
	14	1030.5
	15	1033
	16	1026
	17	976
	18	1335
	19	1368
	20	1403
	21	1444
	22	1512
	23	1454
UZ0204	0	1072
	1	696
	2	666.5
	3	681
	4	703
	5	1108.5
	6	1391.5
	7	1246
	8	1224.5
	9	1210
	10	1217
	11	1253.5
	12	1311.5
	13	1239
	14	1232
	15	1253.5
	16	1231.5
	17	1217
	18	1261
	19	1304
	20	1282.5
	21	1304
	22	1406
	23	1261
UZ0202	0	1311.5
	1	1866.5
	2	1832
	3	1782
	4	1809.5
	5	1859
	6	1880.5
	7	2024
	8	2003
	9	1942.5
	10	1932.5
	11	2015
	12	2022.5
	13	1895
	14	1836
	15	1785.5
	16	1805
	17	1956
	18	1819.5
	19	1833.5
	20	1821
	21	1785
	22	1497
	23	1373
UZ0111	0	358
	1	291
	2	286
	3	288
	4	289.5
	5	380.5
	6	511.5
	7	665.5
	8	720
	9	720.5
	10	680
	11	624
	12	558.5
	13	557.5
	14	539
	15	537.5
	16	537.5
	17	582
	18	655
	19	638
	20	624.5
	21	602
	22	509
	23	433
UZ0108	0	365
	1	291
	2	286
	3	288
	4	289.5
	5	380.5
	6	511.5
	7	665.5
	8	720
	9	720.5
	10	680
	11	624
	12	558.5
	13	557.5
	14	539
	15	537.5
	16	537.5
	17	582
	18	655
	19	638
	20	624.5
	21	598.5
	22	509
	23	433
UZ0106	0	1043
	1	1007
	2	970.5
	3	956.5
	4	956.5
	5	1326
	6	1514
	7	1891
	8	2094
	9	2362.5
	10	2297
	11	2260.5
	12	2108.5
	13	2065
	14	2036
	15	2028.5
	16	1992.5
	17	2232
	18	2137.5
	19	2065
	20	2101
	21	2145
	22	2072
	23	1594
UZ0102	0	1455
	1	467
	2	531.5
	3	625
	4	636.5
	5	1086.5
	6	1504
	7	1666
	8	1693.5
	9	1612
	10	1738
	11	1561
	12	1541.5
	13	1529
	14	1540
	15	1519.5
	16	1509.5
	17	1543.5
	18	1740
	19	1748.5
	20	1761.5
	21	1733.5
	22	1563
	23	1534
U251	0	798.5
	1	896.5
	2	1197
	3	964
	4	899.5
	5	961
	6	1068
	7	1746
	8	2051
	9	2082
	10	2000
	11	1566.5
	12	1325
	13	1348.5
	14	1282
	15	1245.5
	16	1237
	17	1495
	18	1786.5
	19	1879.5
	20	1805.5
	21	1813
	22	1285.5
	23	827
U248	0	920.5
	1	890.6666667
	2	901
	3	913
	4	900
	5	906.6666667
	6	1095.333333
	7	1297.333333
	8	1291.666667
	9	1260
	10	1187.333333
	11	1141.666667
	12	1088
	13	1065
	14	1055
	15	982.3333333
	16	1008.666667
	17	905.3333333
	18	949.3333333
	19	993
	20	955.5
	21	980
	22	916
	23	811.5
U247	0	3507
	1	2985
	2	2941.5
	3	2825.5
	4	2796.5
	5	2753
	6	3115.5
	7	4159
	8	4666
	9	5318.5
	10	5449
	11	5289.5
	12	5333
	13	4767.5
	14	4246
	15	4173.5
	16	4145
	17	4130
	18	4753
	19	4767.5
	20	4825.5
	21	4767.5
	22	4347
	23	3690.666667
U245	0	840
	1	884
	2	840.5
	3	804
	4	782.5
	5	840
	6	1079.5
	7	1333
	8	1355
	9	1369.5
	10	1391
	11	1239
	12	1050.5
	13	1050.5
	14	1057.5
	15	1065
	16	1028.5
	17	1174
	18	1304.5
	19	1268
	20	1253.5
	21	1319
	22	1087
	23	869
U235	0	1056
	1	1016.5
	2	997
	3	998
	4	981.5
	5	1124.5
	6	1412.5
	7	1595
	8	1632
	9	1632
	10	1530
	11	1462
	12	1345
	13	1361
	14	1413
	15	1372
	16	1379.5
	17	1334
	18	1527
	19	1503.5
	20	1478
	21	1487.5
	22	1353
	23	1205
U233	0	4913
	1	4907
	2	4809.666667
	3	4817.333333
	4	4836
	5	4863.333333
	6	7255.666667
	7	8546.666667
	8	8718
	9	8681
	10	8268
	11	7764.666667
	12	7095
	13	6990
	14	6878.666667
	15	6619
	16	6694.333333
	17	6730.333333
	18	7020.666667
	19	6983.333333
	20	7155
	21	7064.5
	22	6369.5
	23	5164.5
U232	0	3202.5
	1	3132.333333
	2	3195.333333
	3	3163.666667
	4	3174
	5	3184.333333
	6	4245
	7	5102
	8	5142.333333
	9	5066
	10	4777
	11	4484
	12	4294
	13	4232.333333
	14	4140
	15	3994
	16	3970
	17	3843.666667
	18	3992.666667
	19	4031
	20	3992
	21	3963.666667
	22	3666
	23	3051.5
U231	0	3010
	1	3092.5
	2	3128.666667
	3	3135.666667
	4	3126.333333
	5	3062.666667
	6	5823.666667
	7	6200.666667
	8	6268.666667
	9	6289.666667
	10	6251.333333
	11	5920
	12	5012.666667
	13	4971.333333
	14	4949.666667
	15	4941.666667
	16	4941.333333
	17	5952
	18	6212.333333
	19	6210.666667
	20	6203.333333
	21	6234
	22	6133.5
	23	4548
U230	0	4477
	1	4455.5
	2	4477.333333
	3	4477.333333
	4	4477.333333
	5	4593.333333
	6	8839
	7	9621.333333
	8	9795
	9	9722.666667
	10	9664.666667
	11	9099.666667
	12	7694
	13	7607
	14	7534.666667
	15	7505.666667
	16	7549.333333
	17	9128.666667
	18	9592.333333
	19	9578
	20	9592.666667
	21	9549
	22	9433
	23	6890
U226	0	1558
	1	1202.666667
	2	1019
	3	970.6666667
	4	1038.666667
	5	2820.666667
	6	3734
	7	3917.333333
	8	3898
	9	3874
	10	3932.333333
	11	3714.666667
	12	3743.666667
	13	3666.333333
	14	3758
	15	3869.333333
	16	3700
	17	3743.333333
	18	3690.333333
	19	3681
	20	3661.333333
	21	3574.666667
	22	2048.333333
	23	1652
U223	0	3643.666667
	1	3066.666667
	2	3054.666667
	3	3096.333333
	4	3081.333333
	5	3020.666667
	6	3253
	7	4313.333333
	8	4437.333333
	9	4498
	10	4101
	11	3665.666667
	12	3375.333333
	13	3327.666667
	14	3217.5
	15	3199.25
	16	3237.75
	17	3690
	18	4285.25
	19	4368.5
	20	4433.75
	21	4400.25
	22	4370
	23	4085
U222	0	1488
	1	1217
	2	1221.333333
	3	1240.666667
	4	1248.333333
	5	1317.666667
	6	1348.666667
	7	1681
	8	1746.333333
	9	1770
	10	1654
	11	1499
	12	1472.666667
	13	1443.25
	14	1394
	15	1376.75
	16	1368
	17	1504.5
	18	1718.75
	19	1701.25
	20	1704.25
	21	1739
	22	1646.333333
	23	1584.333333
U207	0	703.5
	1	624
	2	610.6666667
	3	567.6666667
	4	559.6666667
	5	608.3333333
	6	763.3333333
	7	887.6666667
	8	930.3333333
	9	897
	10	874
	11	788.6666667
	12	761.6666667
	13	750
	14	748
	15	773.3333333
	16	759.6666667
	17	754
	18	790.6666667
	19	800
	20	810
	21	833.3333333
	22	765.3333333
	23	738
U205	0	4765
	1	4840.333333
	2	4701
	3	4227
	4	4282.5
	5	3620
	6	4495.5
	7	7543.5
	8	8124
	9	8172
	10	7976.5
	11	7548.5
	12	7189.5
	13	6206
	14	5602
	15	5344
	16	5443
	17	5845
	18	6242
	19	6363
	20	6230
	21	5479
	22	5502
	23	5443.5
U204	0	3641.5
	1	3545
	2	3487.333333
	3	3506.666667
	4	3545
	5	3544.666667
	6	4662.333333
	7	6280.666667
	8	6261.666667
	9	6011
	10	5645
	11	5279.333333
	12	4701
	13	4700.666667
	14	4392.666667
	15	4142.333333
	16	4354
	17	4893.666667
	18	5356.333333
	19	5375.333333
	20	5394.666667
	21	5298.666667
	22	4604.666667
	23	4450.5
U201	0	4477
	1	3866
	2	3866
	3	3720
	4	3575.5
	5	4825.5
	6	6947.5
	7	7994
	8	8110
	9	8168
	10	8139
	11	8081
	12	7819.5
	13	7558
	14	7674
	15	7558
	16	7529
	17	7587
	18	8110
	19	7790.5
	20	7849
	21	7790
	22	7209
	23	6628
U169	0	657
	1	670.5
	2	792.6666667
	3	824.6666667
	4	835
	5	922.3333333
	6	1497.666667
	7	1764.333333
	8	1819.666667
	9	1817.666667
	10	1734.333333
	11	1630.666667
	12	1439.666667
	13	1421.666667
	14	1389.666667
	15	1327.333333
	16	1391
	17	1523.666667
	18	1524.666667
	19	1585
	20	1651.333333
	21	1605.666667
	22	1440
	23	1190.5
U149	0	508.5
	1	455.6666667
	2	503.3333333
	3	586.6666667
	4	569.3333333
	5	1060
	6	1506.5
	7	1475
	8	1347
	9	1331
	10	766.5
	11	765
	12	723.5
	13	703
	14	739.5
	15	751
	16	773.5
	17	748
	18	931
	19	945.5
	20	936.5
	21	976
	22	495
	23	435
U144	0	514.5
	1	534
	2	536.6666667
	3	534
	4	531.5
	5	551
	6	1000.5
	7	1085
	8	1103.5
	9	1065
	10	1051.5
	11	1035
	12	820
	13	820.5
	14	846
	15	860
	16	818.5
	17	978
	18	1066.5
	19	1077.5
	20	1065.5
	21	1065
	22	1078
	23	793.5
U139	0	322
	1	304
	2	307
	3	307
	4	324.5
	5	339
	6	469.5
	7	600
	8	628.5
	9	632
	10	626
	11	582.5
	12	541.5
	13	501.5
	14	492.5
	15	487
	16	487
	17	519
	18	551
	19	542
	20	542
	21	527
	22	498.5
	23	426
U118	0	1580
	1	1572.5
	2	1543.5
	3	1580
	4	1550.5
	5	1623.5
	6	1978
	7	2456
	8	2398.5
	9	2442
	10	2492
	11	2688
	12	2768
	13	2514
	14	2246
	15	2326
	16	2319
	17	2470.5
	18	2521.5
	19	2499.5
	20	2435
	21	2377
	22	2000
	23	2159
U112	0	180
	1	167
	2	165
	3	171
	4	169.6666667
	5	180.6666667
	6	229.6666667
	7	322.6666667
	8	313
	9	307.3333333
	10	298.6666667
	11	271
	12	241
	13	234.6666667
	14	230.3333333
	15	232.3333333
	16	231.3333333
	17	259.5
	18	282
	19	285.5
	20	289.5
	21	279.5
	22	258
	23	236.5
U101	0	2159.5
	1	2239
	2	2195.5
	3	2203
	4	2144.5
	5	2173.5
	6	3029
	7	2891
	8	2869.5
	9	2898.5
	10	2760.5
	11	2702.5
	12	2384
	13	2362
	14	2434.5
	15	2377
	16	2376.5
	17	2384
	18	2297
	19	2319
	20	2319
	21	2130
	22	2203
	23	1746.5
U033	0	4231
	1	3101
	2	2970.5
	3	2927
	4	2941.5
	5	4463
	6	5420
	7	5680
	8	5694.5
	9	5636.5
	10	5579
	11	5492
	12	5463
	13	5448.5
	14	5304
	15	5347
	16	5275
	17	5347.5
	18	5420
	19	5478
	20	5565
	21	5391
	22	5217
	23	4550
U032	0	2383
	1	1568
	2	1491.5
	3	1465.5
	4	1474.5
	5	2449
	6	3041
	7	3295.5
	8	3298
	9	3317.5
	10	3270.5
	11	3263.5
	12	3252.5
	13	3094
	14	3077.5
	15	3050.5
	16	3058.5
	17	3053.5
	18	3152
	19	3205
	20	3211
	21	3193
	22	3077
	23	2697
U024	0	575
	1	520.5
	2	580
	3	621
	4	620.5
	5	1064.5
	6	1335
	7	1230.5
	8	1193.5
	9	1207.5
	10	844
	11	922
	12	860.5
	13	808
	14	816
	15	898
	16	798
	17	707
	18	924
	19	914
	20	911
	21	938
	22	575
	23	520
U017	0	3608
	1	3304
	2	3434.5
	3	3499.5
	4	3543
	5	5434.5
	6	6434.5
	7	7434.5
	8	7434.5
	9	7608
	10	7065.5
	11	6761
	12	6522
	13	6369.5
	14	6173.5
	15	5978
	16	5999.5
	17	6630.5
	18	7261
	19	7108.5
	20	7087
	21	7130
	22	6043
	23	4783
P173	0	1091.5
	1	1200
	2	1209
	3	1052
	4	1061
	5	861
	6	995.5
	7	1713
	8	1830
	9	1804
	10	1769.5
	11	1687
	12	1617.5
	13	1373.5
	14	1221.5
	15	1173.5
	16	1165
	17	1291
	18	1404
	19	1408.5
	20	1374
	21	1212.5
	22	1248
	23	1256.5
P125	0	1116
	1	621.25
	2	709
	3	696.4
	4	720.4
	5	613.2
	6	1259.2
	7	2204.8
	8	2362.6
	9	2514.6
	10	2410.8
	11	2357.2
	12	2203.6
	13	2209
	14	1958.8
	15	2038.6
	16	1984.8
	17	1899.4
	18	1748.4
	19	1711.8
	20	1649.6
	21	1650
	22	1601.4
	23	1762.6
